datetime,bid,ask,spread
2018:09:02:21:06:44:922,813482,813412,70
2018:09:02:21:06:45:071,813491,813443,48
2018:09:02:21:06:45:934,813470,813439,31
2018:09:02:21:06:46:193,813475,813463,12
2018:09:02:21:06:46:353,813475,813458,17
2018:09:02:21:06:46:464,813475,813458,17
2018:09:02:21:06:46:600,813475,813466,9
2018:09:02:21:06:46:800,813475,813464,11
2018:09:02:21:06:46:961,813479,813475,4
2018:09:02:21:06:47:140,813518,813475,43
2018:09:02:21:06:47:371,813518,813477,41
2018:09:02:21:06:47:607,813508,813480,28
2018:09:02:21:06:47:872,813508,813480,28
2018:09:02:21:06:48:180,813495,813476,19
2018:09:02:21:06:48:327,813495,813476,19
2018:09:02:21:06:48:487,813495,813476,19
2018:09:02:21:06:48:636,813508,813476,32
2018:09:02:21:06:48:819,813505,813450,55
2018:09:02:21:06:49:034,813490,813454,36
2018:09:02:21:06:49:916,813507,813477,30
2018:09:02:21:06:50:060,813556,813555,1
2018:09:02:21:06:50:179,813556,813555,1
2018:09:02:21:06:50:307,813556,813555,1
2018:09:02:21:06:50:426,813556,813555,1
2018:09:02:21:06:50:537,813556,813555,1
2018:09:02:21:06:50:659,813556,813555,1
2018:09:02:21:06:50:891,813556,813555,1
2018:09:02:21:06:51:276,813566,813555,11
2018:09:02:21:06:52:518,813549,813540,9
2018:09:02:21:06:52:853,813544,813508,36
2018:09:02:21:06:53:010,813544,813508,36
2018:09:02:21:06:53:136,813544,813508,36
2018:09:02:21:06:53:259,813544,813508,36
2018:09:02:21:06:53:411,813545,813511,34
2018:09:02:21:06:53:805,813528,813525,3
2018:09:02:21:06:54:122,813528,813525,3
2018:09:02:21:06:54:315,813528,813434,94
2018:09:02:21:06:54:562,813527,813522,5
2018:09:02:21:06:54:727,813527,813522,5
2018:09:02:21:06:54:864,813527,813522,5
2018:09:02:21:06:55:045,813527,813522,5
2018:09:02:21:06:55:222,813527,813522,5
2018:09:02:21:06:55:347,813508,813350,158
2018:09:02:21:06:55:782,813508,813350,158
2018:09:02:21:06:56:305,813401,813382,19
2018:09:02:21:06:56:479,813498,813374,124
2018:09:02:21:06:56:603,813498,813334,164
2018:09:02:21:06:56:697,813498,813334,164
2018:09:02:21:06:57:196,813498,813374,124
2018:09:02:21:06:57:316,813399,813385,14
2018:09:02:21:06:57:443,813399,813385,14
2018:09:02:21:06:57:822,813399,813385,14
2018:09:02:21:06:57:949,813380,813367,13
2018:09:02:21:06:58:074,813400,813399,1
2018:09:02:21:06:58:619,813370,813335,35
2018:09:02:21:06:58:734,813370,813335,35
2018:09:02:21:06:58:869,813370,813335,35
2018:09:02:21:06:59:022,813370,813335,35
2018:09:02:21:06:59:165,813365,813338,27
2018:09:02:21:06:59:505,813365,813338,27
2018:09:02:21:07:00:204,813365,813208,157
2018:09:02:21:07:01:182,813365,813208,157
2018:09:02:21:07:01:371,813260,813230,30
2018:09:02:21:07:01:493,813260,813230,30
2018:09:02:21:07:01:634,813200,813188,12
2018:09:02:21:07:01:760,813200,813188,12
2018:09:02:21:07:01:868,813200,813188,12
2018:09:02:21:07:01:977,813200,813188,12
2018:09:02:21:07:02:091,813200,813188,12
2018:09:02:21:07:02:218,813250,813207,43
2018:09:02:21:07:02:326,813250,813207,43
2018:09:02:21:07:02:451,813200,813155,45
2018:09:02:21:07:02:557,813200,813155,45
2018:09:02:21:07:02:839,813200,813155,45
2018:09:02:21:07:02:952,813199,813150,49
2018:09:02:21:07:03:080,813190,813150,40
2018:09:02:21:07:03:203,813190,813150,40
2018:09:02:21:07:03:330,813190,813138,52
2018:09:02:21:07:03:459,813190,813138,52
2018:09:02:21:07:03:580,813190,813138,52
2018:09:02:21:07:03:767,813190,813119,71
2018:09:02:21:07:03:949,813179,813148,31
2018:09:02:21:07:04:061,813179,813119,60
2018:09:02:21:07:04:195,813179,813119,60
2018:09:02:21:07:04:312,813179,813119,60
2018:09:02:21:07:04:428,813179,813119,60
2018:09:02:21:07:04:532,813178,813119,59
2018:09:02:21:07:04:664,813178,813119,59
2018:09:02:21:07:05:697,813178,813013,165
2018:09:02:21:07:05:909,813027,813020,7
2018:09:02:21:07:06:471,813027,813000,27
2018:09:02:21:07:06:645,813000,812975,25
2018:09:02:21:07:06:760,813000,812998,2
2018:09:02:21:07:06:859,813000,812975,25
2018:09:02:21:07:06:967,813016,812918,98
2018:09:02:21:07:07:077,813026,813011,15
2018:09:02:21:07:07:184,813016,812918,98
2018:09:02:21:07:07:336,813026,813011,15
2018:09:02:21:07:07:444,812999,812908,91
2018:09:02:21:07:07:550,812999,812908,91
2018:09:02:21:07:07:673,812990,812983,7
2018:09:02:21:07:07:795,812990,812983,7
2018:09:02:21:07:07:919,812990,812983,7
2018:09:02:21:07:08:064,812990,812983,7
2018:09:02:21:07:08:219,812990,812983,7
2018:09:02:21:07:08:351,812990,812983,7
2018:09:02:21:07:08:464,812992,812979,13
2018:09:02:21:07:08:631,812992,812979,13
2018:09:02:21:07:08:804,812998,812900,98
2018:09:02:21:07:08:943,812982,812977,5
2018:09:02:21:07:09:068,812982,812977,5
2018:09:02:21:07:09:240,812982,812977,5
2018:09:02:21:07:09:333,812982,812980,2
2018:09:02:21:07:09:440,812982,812980,2
2018:09:02:21:07:09:564,812982,812980,2
2018:09:02:21:07:09:849,812980,812952,28
2018:09:02:21:07:10:145,812978,812953,25
2018:09:02:21:07:10:253,812978,812953,25
2018:09:02:21:07:10:386,812978,812953,25
2018:09:02:21:07:10:501,812978,812953,25
2018:09:02:21:07:10:612,812975,812970,5
2018:09:02:21:07:10:735,812978,812954,24
2018:09:02:21:07:10:849,812978,812954,24
2018:09:02:21:07:10:956,812972,812947,25
2018:09:02:21:07:11:066,812974,812930,44
2018:09:02:21:07:11:178,812972,812947,25
2018:09:02:21:07:11:271,812974,812930,44
2018:09:02:21:07:11:389,812973,812930,43
2018:09:02:21:07:11:524,812973,812930,43
2018:09:02:21:07:11:631,812979,812933,46
2018:09:02:21:07:11:740,812979,812959,20
2018:09:02:21:07:11:867,812979,812959,20
2018:09:02:21:07:11:986,812979,812959,20
2018:09:02:21:07:12:169,812979,812959,20
2018:09:02:21:07:12:386,812968,812881,87
2018:09:02:21:07:12:540,812968,812881,87
2018:09:02:21:07:12:661,812962,812936,26
2018:09:02:21:07:12:758,812884,812879,5
2018:09:02:21:07:12:883,812884,812879,5
2018:09:02:21:07:12:979,812884,812879,5
2018:09:02:21:07:13:147,812884,812879,5
2018:09:02:21:07:13:379,812884,812879,5
2018:09:02:21:07:13:492,812883,812830,53
2018:09:02:21:07:13:619,812832,812830,2
2018:09:02:21:07:13:819,812832,812830,2
2018:09:02:21:07:13:976,812867,812843,24
2018:09:02:21:07:14:139,812832,812830,2
2018:09:02:21:07:14:273,812860,812815,45
2018:09:02:21:07:14:410,812860,812815,45
2018:09:02:21:07:14:564,812869,812836,33
2018:09:02:21:07:14:737,812859,812836,23
2018:09:02:21:07:14:860,812859,812836,23
2018:09:02:21:07:15:016,812859,812836,23
2018:09:02:21:07:15:192,812849,812836,13
2018:09:02:21:07:15:339,812848,812836,12
2018:09:02:21:07:15:481,812849,812800,49
2018:09:02:21:07:15:585,812849,812800,49
2018:09:02:21:07:15:853,812849,812800,49
2018:09:02:21:07:15:974,812849,812800,49
2018:09:02:21:07:16:086,812849,812800,49
2018:09:02:21:07:16:210,812849,812800,49
2018:09:02:21:07:16:436,812849,812800,49
2018:09:02:21:07:16:563,812845,812672,173
2018:09:02:21:07:16:675,812845,812672,173
2018:09:02:21:07:16:975,812845,812672,173
2018:09:02:21:07:17:150,812845,812672,173
2018:09:02:21:07:17:304,812848,812801,47
2018:09:02:21:07:17:442,812848,812801,47
2018:09:02:21:07:17:619,812749,812679,70
2018:09:02:21:07:18:377,812749,812679,70
2018:09:02:21:07:18:658,812761,812535,226
2018:09:02:21:07:18:928,812835,812817,18
2018:09:02:21:07:19:241,812835,812817,18
2018:09:02:21:07:19:707,812746,812680,66
2018:09:02:21:07:20:140,812745,812695,50
2018:09:02:21:07:20:477,812743,812695,48
2018:09:02:21:07:20:707,812734,812706,28
2018:09:02:21:07:21:158,812734,812706,28
2018:09:02:21:07:21:414,812733,812711,22
2018:09:02:21:07:21:728,812832,812809,23
2018:09:02:21:07:21:947,812823,812809,14
2018:09:02:21:07:22:335,812823,812810,13
2018:09:02:21:07:22:605,812822,812809,13
2018:09:02:21:07:23:009,812822,812809,13
2018:09:02:21:07:23:511,812836,812835,1
2018:09:02:21:07:24:033,812835,812820,15
2018:09:02:21:07:24:428,812882,812866,16
2018:09:02:21:07:24:880,812882,812830,52
2018:09:02:21:07:25:268,812879,812867,12
2018:09:02:21:07:25:973,812959,812874,85
2018:09:02:21:07:26:627,812979,812950,29
2018:09:02:21:07:27:124,812979,812950,29
2018:09:02:21:07:27:668,812985,812951,34
2018:09:02:21:07:27:950,813079,812982,97
2018:09:02:21:07:28:247,813079,812982,97
2018:09:02:21:07:28:541,813081,812969,112
2018:09:02:21:07:28:722,813059,812985,74
2018:09:02:21:07:28:903,813059,812985,74
2018:09:02:21:07:29:131,813070,812979,91
2018:09:02:21:07:29:295,813044,812979,65
2018:09:02:21:07:29:493,813044,812978,66
2018:09:02:21:07:29:656,813037,812992,45
2018:09:02:21:07:29:826,813031,812996,35
2018:09:02:21:07:29:951,813041,812968,73
2018:09:02:21:07:30:095,813041,812968,73
2018:09:02:21:07:30:657,813031,812996,35
2018:09:02:21:07:30:864,813017,813002,15
2018:09:02:21:07:31:068,813017,813002,15
2018:09:02:21:07:31:316,813025,813000,25
2018:09:02:21:07:31:496,813025,813000,25
2018:09:02:21:07:31:676,813143,813000,143
2018:09:02:21:07:31:806,813008,813006,2
2018:09:02:21:07:31:937,813008,813006,2
2018:09:02:21:07:32:942,813024,813013,11
2018:09:02:21:07:33:107,813049,813008,41
2018:09:02:21:07:33:275,813021,813008,13
2018:09:02:21:07:33:569,813049,813008,41
2018:09:02:21:07:33:749,813016,813012,4
2018:09:02:21:07:34:020,813016,813012,4
2018:09:02:21:07:34:195,813016,813012,4
2018:09:02:21:07:34:360,813016,813012,4
2018:09:02:21:07:34:546,813016,813012,4
2018:09:02:21:07:34:700,813112,813020,92
2018:09:02:21:07:34:953,813112,813020,92
2018:09:02:21:07:35:097,813195,813015,180
2018:09:02:21:07:35:239,813400,813029,371
2018:09:02:21:07:35:363,813286,813123,163
2018:09:02:21:07:35:588,813247,813233,14
2018:09:02:21:07:35:704,813286,813233,53
2018:09:02:21:07:36:162,813244,813233,11
2018:09:02:21:07:36:624,813244,813238,6
2018:09:02:21:07:36:783,813203,813187,16
2018:09:02:21:07:36:916,813203,813187,16
2018:09:02:21:07:37:077,813243,813024,219
2018:09:02:21:07:37:210,813243,813024,219
2018:09:02:21:07:37:350,813230,813044,186
2018:09:02:21:07:37:572,813170,813027,143
2018:09:02:21:07:37:728,813170,813027,143
2018:09:02:21:07:37:832,813170,813045,125
2018:09:02:21:07:37:953,813131,813045,86
2018:09:02:21:07:38:076,813131,813045,86
2018:09:02:21:07:38:382,813124,813045,79
2018:09:02:21:07:38:553,813130,813054,76
2018:09:02:21:07:38:707,813117,813062,55
2018:09:02:21:07:39:030,813117,813062,55
2018:09:02:21:07:39:289,813096,813069,27
2018:09:02:21:07:39:442,813096,813069,27
2018:09:02:21:07:39:553,813096,813069,27
2018:09:02:21:07:39:698,813095,813072,23
2018:09:02:21:07:39:822,813095,813072,23
2018:09:02:21:07:39:982,813095,813071,24
2018:09:02:21:07:40:105,813095,813071,24
2018:09:02:21:07:40:232,813095,813071,24
2018:09:02:21:07:40:344,813089,813077,12
2018:09:02:21:07:41:149,813086,813077,9
2018:09:02:21:07:41:366,813159,813085,74
2018:09:02:21:07:41:614,813148,813085,63
2018:09:02:21:07:41:794,813144,813092,52
2018:09:02:21:07:41:989,813147,813099,48
2018:09:02:21:07:42:144,813147,813099,48
2018:09:02:21:07:42:281,813137,813099,38
2018:09:02:21:07:42:739,813159,813100,59
2018:09:02:21:07:43:275,813168,813120,48
2018:09:02:21:07:43:429,813168,813120,48
2018:09:02:21:07:43:581,813229,813158,71
2018:09:02:21:07:43:700,813229,813158,71
2018:09:02:21:07:43:830,813231,813229,2
2018:09:02:21:07:43:950,813231,813229,2
2018:09:02:21:07:44:093,813232,813230,2
2018:09:02:21:07:45:399,813312,813232,80
2018:09:02:21:07:46:224,813243,813242,1
2018:09:02:21:07:46:477,813297,813253,44
2018:09:02:21:07:46:670,813313,813259,54
2018:09:02:21:07:46:821,813297,813239,58
2018:09:02:21:07:46:937,813253,813238,15
2018:09:02:21:07:47:074,813253,813237,16
2018:09:02:21:07:47:206,813253,813237,16
2018:09:02:21:07:47:639,813253,813237,16
2018:09:02:21:07:47:931,813299,813252,47
2018:09:02:21:07:48:314,813299,813253,46
2018:09:02:21:07:48:508,813299,813253,46
2018:09:02:21:07:48:719,813285,813253,32
2018:09:02:21:07:48:870,813285,813253,32
2018:09:02:21:07:49:023,813308,813299,9
2018:09:02:21:07:49:157,813299,813253,46
2018:09:02:21:07:49:857,813299,813253,46
2018:09:02:21:07:50:062,813307,813300,7
2018:09:02:21:07:50:260,813307,813300,7
2018:09:02:21:07:50:429,813336,813303,33
2018:09:02:21:07:50:557,813315,813300,15
2018:09:02:21:07:50:670,813336,813303,33
2018:09:02:21:07:50:819,813336,813315,21
2018:09:02:21:07:50:960,813336,813315,21
2018:09:02:21:07:51:126,813336,813315,21
2018:09:02:21:07:51:261,813335,813315,20
2018:09:02:21:07:52:130,813335,813315,20
2018:09:02:21:07:52:338,813334,813321,13
2018:09:02:21:07:52:632,813331,813321,10
2018:09:02:21:07:52:798,813358,813316,42
2018:09:02:21:07:52:967,813358,813316,42
2018:09:02:21:07:53:123,813365,813324,41
2018:09:02:21:07:53:254,813365,813324,41
2018:09:02:21:07:53:954,813447,813324,123
2018:09:02:21:07:54:325,813493,813365,128
2018:09:02:21:07:54:537,813493,813450,43
2018:09:02:21:07:54:731,813493,813450,43
2018:09:02:21:07:54:868,813480,813476,4
2018:09:02:21:07:55:032,813493,813481,12
2018:09:02:21:07:55:862,813493,813481,12
2018:09:02:21:07:56:059,813500,813477,23
2018:09:02:21:07:56:201,813500,813477,23
2018:09:02:21:07:56:490,813500,813477,23
2018:09:02:21:07:56:645,813491,813451,40
2018:09:02:21:07:56:773,813491,813381,110
2018:09:02:21:07:56:928,813491,813381,110
2018:09:02:21:07:57:059,813486,813381,105
2018:09:02:21:07:57:199,813486,813381,105
2018:09:02:21:07:57:341,813486,813381,105
2018:09:02:21:07:57:476,813476,813404,72
2018:09:02:21:07:57:616,813470,813411,59
2018:09:02:21:07:57:753,813462,813438,24
2018:09:02:21:07:57:896,813462,813417,45
2018:09:02:21:07:58:018,813462,813417,45
2018:09:02:21:07:58:204,813458,813417,41
2018:09:02:21:07:58:364,813458,813417,41
2018:09:02:21:07:58:480,813461,813428,33
2018:09:02:21:07:58:605,813461,813428,33
2018:09:02:21:07:58:739,813461,813417,44
2018:09:02:21:07:58:872,813461,813417,44
2018:09:02:21:07:58:977,813451,813404,47
2018:09:02:21:07:59:095,813451,813404,47
2018:09:02:21:07:59:202,813451,813404,47
2018:09:02:21:07:59:325,813451,813404,47
2018:09:02:21:07:59:449,813451,813404,47
2018:09:02:21:07:59:579,813475,813393,82
2018:09:02:21:07:59:768,813475,813393,82
2018:09:02:21:07:59:891,813475,813409,66
2018:09:02:21:08:00:025,813475,813409,66
2018:09:02:21:08:00:162,813475,813409,66
2018:09:02:21:08:00:291,813475,813414,61
2018:09:02:21:08:00:483,813475,813414,61
2018:09:02:21:08:00:638,813474,813429,45
2018:09:02:21:08:00:804,813456,813410,46
2018:09:02:21:08:01:099,813456,813410,46
2018:09:02:21:08:01:265,813456,813405,51
2018:09:02:21:08:01:403,813449,813415,34
2018:09:02:21:08:01:554,813453,813411,42
2018:09:02:21:08:01:715,813453,813424,29
2018:09:02:21:08:01:864,813453,813424,29
2018:09:02:21:08:01:977,813434,813416,18
2018:09:02:21:08:02:108,813434,813416,18
2018:09:02:21:08:02:230,813434,813416,18
2018:09:02:21:08:02:371,813434,813416,18
2018:09:02:21:08:02:499,813438,813416,22
2018:09:02:21:08:02:680,813438,813419,19
2018:09:02:21:08:02:999,813438,813419,19
2018:09:02:21:08:03:189,813438,813419,19
2018:09:02:21:08:03:355,813570,813500,70
2018:09:02:21:08:03:532,813538,813501,37
2018:09:02:21:08:03:781,813538,813501,37
2018:09:02:21:08:03:968,813563,813510,53
2018:09:02:21:08:04:160,813448,813424,24
2018:09:02:21:08:04:338,813535,813513,22
2018:09:02:21:08:04:504,813535,813513,22
2018:09:02:21:08:04:677,813535,813513,22
2018:09:02:21:08:04:825,813535,813513,22
2018:09:02:21:08:04:991,813552,813511,41
2018:09:02:21:08:05:112,813534,813502,32
2018:09:02:21:08:05:239,813534,813502,32
2018:09:02:21:08:05:352,813534,813502,32
2018:09:02:21:08:05:473,813600,813520,80
2018:09:02:21:08:05:688,813600,813524,76
2018:09:02:21:08:05:807,813600,813524,76
2018:09:02:21:08:05:916,813600,813524,76
2018:09:02:21:08:06:040,813593,813527,66
2018:09:02:21:08:06:178,813593,813529,64
2018:09:02:21:08:06:344,813593,813529,64
2018:09:02:21:08:06:462,813566,813529,37
2018:09:02:21:08:06:599,813566,813529,37
2018:09:02:21:08:06:725,813566,813529,37
2018:09:02:21:08:06:872,813586,813530,56
2018:09:02:21:08:07:007,813594,813530,64
2018:09:02:21:08:07:146,813563,813541,22
2018:09:02:21:08:07:306,813563,813541,22
2018:09:02:21:08:07:430,813560,813533,27
2018:09:02:21:08:07:587,813560,813530,30
2018:09:02:21:08:07:726,813579,813546,33
2018:09:02:21:08:07:873,813579,813546,33
2018:09:02:21:08:08:011,813579,813546,33
2018:09:02:21:08:08:218,813554,813542,12
2018:09:02:21:08:08:355,813554,813542,12
2018:09:02:21:08:08:545,813552,813531,21
2018:09:02:21:08:08:713,813552,813531,21
2018:09:02:21:08:08:895,813552,813531,21
2018:09:02:21:08:09:015,813547,813531,16
2018:09:02:21:08:09:227,813547,813531,16
2018:09:02:21:08:09:355,813547,813531,16
2018:09:02:21:08:09:527,813547,813531,16
2018:09:02:21:08:09:675,813635,813541,94
2018:09:02:21:08:09:856,813635,813579,56
2018:09:02:21:08:10:058,813635,813579,56
2018:09:02:21:08:10:291,813635,813579,56
2018:09:02:21:08:10:424,813500,813479,21
2018:09:02:21:08:10:581,813500,813476,24
2018:09:02:21:08:10:786,813479,813467,12
2018:09:02:21:08:11:023,813479,813467,12
2018:09:02:21:08:11:175,813497,813470,27
2018:09:02:21:08:11:348,813499,813488,11
2018:09:02:21:08:11:528,813586,813503,83
2018:09:02:21:08:11:713,813586,813503,83
2018:09:02:21:08:11:888,813586,813505,81
2018:09:02:21:08:12:091,813573,813506,67
2018:09:02:21:08:12:308,813571,813506,65
2018:09:02:21:08:12:470,813566,813506,60
2018:09:02:21:08:12:731,813566,813519,47
2018:09:02:21:08:12:884,813559,813489,70
2018:09:02:21:08:13:114,813559,813489,70
2018:09:02:21:08:13:317,813551,813489,62
2018:09:02:21:08:13:515,813541,813502,39
2018:09:02:21:08:13:691,813541,813502,39
2018:09:02:21:08:13:898,813534,813505,29
2018:09:02:21:08:14:156,813534,813505,29
2018:09:02:21:08:14:362,813534,813500,34
2018:09:02:21:08:14:616,813524,813500,24
2018:09:02:21:08:14:803,813523,813506,17
2018:09:02:21:08:15:174,813514,813501,13
2018:09:02:21:08:15:524,813504,813500,4
2018:09:02:21:08:15:760,813494,813490,4
2018:09:02:21:08:16:036,813589,813552,37
2018:09:02:21:08:16:229,813589,813554,35
2018:09:02:21:08:16:470,813593,813589,4
2018:09:02:21:08:16:824,813593,813589,4
2018:09:02:21:08:17:110,813581,813557,24
2018:09:02:21:08:17:445,813500,813490,10
2018:09:02:21:08:17:679,813498,813490,8
2018:09:02:21:08:17:943,813499,813483,16
2018:09:02:21:08:18:194,813499,813483,16
2018:09:02:21:08:18:755,813499,813483,16
2018:09:02:21:08:19:051,813482,813390,92
2018:09:02:21:08:19:278,813451,813390,61
2018:09:02:21:08:19:694,813451,813390,61
2018:09:02:21:08:20:136,813430,813406,24
2018:09:02:21:08:20:421,813440,813436,4
2018:09:02:21:08:20:788,813440,813436,4
2018:09:02:21:08:21:186,813429,813410,19
2018:09:02:21:08:21:439,813439,813354,85
2018:09:02:21:08:21:728,813428,813346,82
2018:09:02:21:08:22:025,813438,813437,1
2018:09:02:21:08:22:311,813438,813284,154
2018:09:02:21:08:22:982,813420,813368,52
2018:09:02:21:08:23:407,813417,813290,127
2018:09:02:21:08:23:653,813399,813344,55
2018:09:02:21:08:23:973,813399,813366,33
2018:09:02:21:08:24:334,813399,813366,33
2018:09:02:21:08:24:897,813399,813366,33
2018:09:02:21:08:25:590,813396,813354,42
2018:09:02:21:08:25:887,813388,813364,24
2018:09:02:21:08:26:634,813388,813342,46
2018:09:02:21:08:27:081,813353,813333,20
2018:09:02:21:08:27:296,813351,813333,18
2018:09:02:21:08:27:492,813353,813333,20
2018:09:02:21:08:27:676,813343,813275,68
2018:09:02:21:08:27:821,813336,813331,5
2018:09:02:21:08:27:998,813340,813331,9
2018:09:02:21:08:28:127,813340,813331,9
2018:09:02:21:08:28:252,813340,813331,9
2018:09:02:21:08:28:404,813340,813331,9
2018:09:02:21:08:28:520,813340,813331,9
2018:09:02:21:08:28:643,813339,813331,8
2018:09:02:21:08:28:771,813398,813331,67
2018:09:02:21:08:28:945,813394,813336,58
2018:09:02:21:08:29:064,813397,813336,61
2018:09:02:21:08:29:183,813369,813336,33
2018:09:02:21:08:29:325,813388,813364,24
2018:09:02:21:08:29:453,813388,813364,24
2018:09:02:21:08:29:596,813388,813364,24
2018:09:02:21:08:29:732,813388,813364,24
2018:09:02:21:08:29:904,813388,813339,49
2018:09:02:21:08:30:071,813377,813365,12
2018:09:02:21:08:30:198,813377,813365,12
2018:09:02:21:08:30:300,813377,813365,12
2018:09:02:21:08:30:412,813377,813365,12
2018:09:02:21:08:30:556,813377,813342,35
2018:09:02:21:08:30:675,813379,813342,37
2018:09:02:21:08:30:799,813356,813342,14
2018:09:02:21:08:30:930,813356,813342,14
2018:09:02:21:08:31:031,813356,813256,100
2018:09:02:21:08:31:155,813356,813256,100
2018:09:02:21:08:31:269,813355,813345,10
2018:09:02:21:08:31:377,813355,813333,22
2018:09:02:21:08:31:612,813355,813333,22
2018:09:02:21:08:31:742,813335,813334,1
2018:09:02:21:08:31:868,813328,813314,14
2018:09:02:21:08:31:986,813335,813334,1
2018:09:02:21:08:32:106,813335,813334,1
2018:09:02:21:08:32:225,813307,813302,5
2018:09:02:21:08:32:460,813313,813283,30
2018:09:02:21:08:32:573,813306,813302,4
2018:09:02:21:08:32:730,813306,813300,6
2018:09:02:21:08:32:896,813306,813300,6
2018:09:02:21:08:33:011,813306,813300,6
2018:09:02:21:08:33:287,813305,813260,45
2018:09:02:21:08:33:417,813296,813267,29
2018:09:02:21:08:33:541,813296,813267,29
2018:09:02:21:08:33:651,813296,813267,29
2018:09:02:21:08:33:763,813296,813267,29
2018:09:02:21:08:33:861,813299,813270,29
2018:09:02:21:08:33:965,813299,813270,29
2018:09:02:21:08:34:102,813299,813270,29
2018:09:02:21:08:34:208,813299,813270,29
2018:09:02:21:08:34:330,813305,813304,1
2018:09:02:21:08:34:434,813304,813280,24
2018:09:02:21:08:34:548,813305,813304,1
2018:09:02:21:08:35:483,813305,813304,1
2018:09:02:21:08:35:793,813345,813326,19
2018:09:02:21:08:35:903,813345,813326,19
2018:09:02:21:08:36:020,813354,813350,4
2018:09:02:21:08:36:169,813354,813350,4
2018:09:02:21:08:36:317,813403,813402,1
2018:09:02:21:08:36:407,813445,813423,22
2018:09:02:21:08:36:523,813445,813402,43
2018:09:02:21:08:36:661,813445,813423,22
2018:09:02:21:08:36:926,813448,813423,25
2018:09:02:21:08:37:878,813469,813448,21
2018:09:02:21:08:38:010,813469,813448,21
2018:09:02:21:08:38:535,813469,813452,17
2018:09:02:21:08:38:726,813499,813456,43
2018:09:02:21:08:38:867,813499,813493,6
2018:09:02:21:08:39:006,813499,813494,5
2018:09:02:21:08:39:125,813499,813494,5
2018:09:02:21:08:39:237,813530,813495,35
2018:09:02:21:08:39:356,813566,813504,62
2018:09:02:21:08:39:487,813566,813504,62
2018:09:02:21:08:39:594,813566,813504,62
2018:09:02:21:08:39:897,813546,813511,35
2018:09:02:21:08:40:217,813546,813511,35
2018:09:02:21:08:41:009,813566,813513,53
2018:09:02:21:08:42:043,813600,813522,78
2018:09:02:21:08:42:177,813583,813554,29
2018:09:02:21:08:42:300,813583,813551,32
2018:09:02:21:08:42:415,813583,813555,28
2018:09:02:21:08:42:528,813583,813555,28
2018:09:02:21:08:42:717,813600,813555,45
2018:09:02:21:08:42:819,813583,813555,28
2018:09:02:21:08:43:728,813700,813599,101
2018:09:02:21:08:43:905,813601,813600,1
2018:09:02:21:08:44:029,813601,813600,1
2018:09:02:21:08:44:155,813601,813600,1
2018:09:02:21:08:44:288,813651,813603,48
2018:09:02:21:08:44:455,813651,813603,48
2018:09:02:21:08:44:604,813651,813603,48
2018:09:02:21:08:44:750,813651,813603,48
2018:09:02:21:08:44:993,813867,813603,264
2018:09:02:21:08:45:188,813867,813603,264
2018:09:02:21:08:46:299,813700,813644,56
2018:09:02:21:08:46:734,813679,813665,14
2018:09:02:21:08:46:856,813700,813666,34
2018:09:02:21:08:47:009,813700,813666,34
2018:09:02:21:08:47:132,813700,813668,32
2018:09:02:21:08:48:030,813674,813668,6
2018:09:02:21:08:48:574,813714,813710,4
2018:09:02:21:08:48:708,813716,813710,6
2018:09:02:21:08:49:727,813699,813691,8
2018:09:02:21:08:50:112,813700,813605,95
2018:09:02:21:08:50:290,813716,813660,56
2018:09:02:21:08:50:680,813697,813671,26
2018:09:02:21:08:50:823,813696,813661,35
2018:09:02:21:08:51:036,813696,813661,35
2018:09:02:21:08:51:248,813690,813661,29
2018:09:02:21:08:51:390,813685,813677,8
2018:09:02:21:08:52:054,813685,813677,8
2018:09:02:21:08:52:388,813668,813648,20
2018:09:02:21:08:52:522,813667,813665,2
2018:09:02:21:08:52:668,813667,813648,19
2018:09:02:21:08:52:774,813667,813665,2
2018:09:02:21:08:52:904,813667,813626,41
2018:09:02:21:08:53:134,813663,813639,24
2018:09:02:21:08:53:254,813660,813639,21
2018:09:02:21:08:53:352,813660,813639,21
2018:09:02:21:08:53:475,813666,813613,53
2018:09:02:21:08:53:606,813653,813600,53
2018:09:02:21:08:53:720,813649,813624,25
2018:09:02:21:08:53:872,813648,813578,70
2018:09:02:21:08:53:993,813649,813624,25
2018:09:02:21:08:54:103,813642,813568,74
2018:09:02:21:08:54:312,813642,813568,74
2018:09:02:21:08:54:447,813639,813631,8
2018:09:02:21:08:54:580,813647,813631,16
2018:09:02:21:08:54:729,813647,813631,16
2018:09:02:21:08:54:848,813635,813631,4
2018:09:02:21:08:54:946,813639,813631,8
2018:09:02:21:08:55:071,813639,813631,8
2018:09:02:21:08:55:182,813639,813631,8
2018:09:02:21:08:55:300,813639,813635,4
2018:09:02:21:08:55:408,813636,813631,5
2018:09:02:21:08:55:526,813636,813631,5
2018:09:02:21:08:55:634,813636,813631,5
2018:09:02:21:08:55:732,813635,813631,4
2018:09:02:21:08:55:868,813635,813634,1
2018:09:02:21:08:55:969,813635,813631,4
2018:09:02:21:08:56:148,813635,813634,1
2018:09:02:21:08:56:301,813635,813634,1
2018:09:02:21:08:56:394,813635,813634,1
2018:09:02:21:08:56:512,813635,813609,26
2018:09:02:21:08:56:618,813635,813609,26
2018:09:02:21:08:56:719,813634,813609,25
2018:09:02:21:08:56:842,813634,813609,25
2018:09:02:21:08:56:968,813634,813592,42
2018:09:02:21:08:57:098,813634,813592,42
2018:09:02:21:08:57:201,813634,813592,42
2018:09:02:21:08:57:424,813626,813568,58
2018:09:02:21:08:57:543,813626,813568,58
2018:09:02:21:08:57:638,813623,813575,48
2018:09:02:21:08:57:905,813630,813557,73
2018:09:02:21:08:58:004,813619,813571,48
2018:09:02:21:08:58:110,813619,813571,48
2018:09:02:21:08:58:218,813619,813571,48
2018:09:02:21:08:58:321,813612,813576,36
2018:09:02:21:08:58:437,813611,813576,35
2018:09:02:21:08:58:559,813611,813576,35
2018:09:02:21:08:58:719,813576,813571,5
2018:09:02:21:08:59:636,813606,813566,40
2018:09:02:21:09:00:121,813603,813555,48
2018:09:02:21:09:00:262,813612,813581,31
2018:09:02:21:09:00:382,813603,813555,48
2018:09:02:21:09:00:506,813704,813700,4
2018:09:02:21:09:00:637,813710,813700,10
2018:09:02:21:09:00:838,813703,813701,2
2018:09:02:21:09:00:942,813703,813700,3
2018:09:02:21:09:01:049,813707,813701,6
2018:09:02:21:09:01:248,813707,813701,6
2018:09:02:21:09:01:359,813707,813701,6
2018:09:02:21:09:01:479,813602,813601,1
2018:09:02:21:09:01:618,813689,813679,10
2018:09:02:21:09:01:721,813689,813679,10
2018:09:02:21:09:01:835,813689,813679,10
2018:09:02:21:09:02:027,813689,813679,10
2018:09:02:21:09:02:129,813675,813630,45
2018:09:02:21:09:02:229,813675,813630,45
2018:09:02:21:09:02:325,813689,813686,3
2018:09:02:21:09:02:439,813675,813630,45
2018:09:02:21:09:02:655,813675,813630,45
2018:09:02:21:09:02:789,813666,813637,29
2018:09:02:21:09:02:910,813666,813637,29
2018:09:02:21:09:03:027,813666,813637,29
2018:09:02:21:09:03:168,813666,813637,29
2018:09:02:21:09:03:259,813666,813647,19
2018:09:02:21:09:03:409,813666,813647,19
2018:09:02:21:09:03:632,813666,813647,19
2018:09:02:21:09:03:801,813666,813662,4
2018:09:02:21:09:03:907,813666,813662,4
2018:09:02:21:09:04:011,813747,813662,85
2018:09:02:21:09:04:165,813747,813662,85
2018:09:02:21:09:04:274,813747,813662,85
2018:09:02:21:09:04:399,813734,813670,64
2018:09:02:21:09:04:528,813754,813747,7
2018:09:02:21:09:04:679,813754,813747,7
2018:09:02:21:09:04:834,813754,813747,7
2018:09:02:21:09:04:951,813754,813747,7
2018:09:02:21:09:05:080,813703,813696,7
2018:09:02:21:09:06:284,813703,813696,7
2018:09:02:21:09:06:455,813725,813720,5
2018:09:02:21:09:06:653,813768,813747,21
2018:09:02:21:09:06:944,813768,813732,36
2018:09:02:21:09:08:115,813781,813737,44
2018:09:02:21:09:08:340,813754,813672,82
2018:09:02:21:09:08:451,813810,813737,73
2018:09:02:21:09:08:590,813762,813756,6
2018:09:02:21:09:08:735,813762,813756,6
2018:09:02:21:09:08:857,813762,813756,6
2018:09:02:21:09:08:973,813744,813713,31
2018:09:02:21:09:09:081,813744,813720,24
2018:09:02:21:09:09:185,813747,813720,27
2018:09:02:21:09:09:300,813747,813720,27
2018:09:02:21:09:09:415,813742,813733,9
2018:09:02:21:09:09:562,813742,813733,9
2018:09:02:21:09:09:677,813742,813733,9
2018:09:02:21:09:09:796,813742,813733,9
2018:09:02:21:09:09:926,813751,813714,37
2018:09:02:21:09:10:145,813732,813695,37
2018:09:02:21:09:10:292,813730,813691,39
2018:09:02:21:09:10:412,813719,813718,1
2018:09:02:21:09:10:584,813719,813718,1
2018:09:02:21:09:10:708,813732,813718,14
2018:09:02:21:09:10:839,813716,813695,21
2018:09:02:21:09:10:944,813746,813695,51
2018:09:02:21:09:11:059,813746,813695,51
2018:09:02:21:09:11:183,813716,813695,21
2018:09:02:21:09:11:300,813729,813705,24
2018:09:02:21:09:11:411,813716,813695,21
2018:09:02:21:09:11:566,813728,813695,33
2018:09:02:21:09:11:675,813729,813695,34
2018:09:02:21:09:11:791,813726,813710,16
2018:09:02:21:09:11:927,813726,813710,16
2018:09:02:21:09:12:143,813726,813710,16
2018:09:02:21:09:12:246,813726,813710,16
2018:09:02:21:09:12:377,813726,813710,16
2018:09:02:21:09:12:479,813723,813720,3
2018:09:02:21:09:12:596,813726,813710,16
2018:09:02:21:09:12:719,813723,813720,3
2018:09:02:21:09:12:845,813723,813720,3
2018:09:02:21:09:12:966,813725,813680,45
2018:09:02:21:09:13:087,813725,813680,45
2018:09:02:21:09:13:208,813725,813680,45
2018:09:02:21:09:13:330,813725,813683,42
2018:09:02:21:09:13:429,813722,813683,39
2018:09:02:21:09:13:569,813725,813683,42
2018:09:02:21:09:13:668,813722,813692,30
2018:09:02:21:09:13:796,813722,813692,30
2018:09:02:21:09:13:903,813722,813692,30
2018:09:02:21:09:14:013,813722,813692,30
2018:09:02:21:09:14:210,813722,813692,30
2018:09:02:21:09:14:362,813750,813746,4
2018:09:02:21:09:14:511,813750,813701,49
2018:09:02:21:09:14:809,813750,813746,4
2018:09:02:21:09:14:905,813705,813704,1
2018:09:02:21:09:15:007,813705,813704,1
2018:09:02:21:09:15:122,813705,813704,1
2018:09:02:21:09:15:321,813705,813704,1
2018:09:02:21:09:15:426,813730,813707,23
2018:09:02:21:09:15:704,813705,813704,1
2018:09:02:21:09:15:810,813832,813707,125
2018:09:02:21:09:15:923,813777,813737,40
2018:09:02:21:09:16:069,813817,813730,87
2018:09:02:21:09:16:179,813817,813730,87
2018:09:02:21:09:16:354,813777,813737,40
2018:09:02:21:09:16:511,813777,813736,41
2018:09:02:21:09:16:667,813777,813736,41
2018:09:02:21:09:16:763,813661,813659,2
2018:09:02:21:09:16:860,813661,813659,2
2018:09:02:21:09:16:960,813766,813747,19
2018:09:02:21:09:17:072,813759,813747,12
2018:09:02:21:09:17:181,813759,813744,15
2018:09:02:21:09:17:318,813712,813675,37
2018:09:02:21:09:17:444,813712,813675,37
2018:09:02:21:09:17:601,813694,813652,42
2018:09:02:21:09:17:785,813694,813652,42
2018:09:02:21:09:17:916,813694,813652,42
2018:09:02:21:09:18:079,813694,813652,42
2018:09:02:21:09:18:201,813684,813649,35
2018:09:02:21:09:18:346,813695,813639,56
2018:09:02:21:09:18:460,813684,813656,28
2018:09:02:21:09:18:584,813682,813656,26
2018:09:02:21:09:18:778,813682,813656,26
2018:09:02:21:09:18:927,813682,813656,26
2018:09:02:21:09:19:042,813682,813656,26
2018:09:02:21:09:19:670,813682,813656,26
2018:09:02:21:09:19:846,813859,813839,20
2018:09:02:21:09:19:992,813859,813839,20
2018:09:02:21:09:20:468,813859,813839,20
2018:09:02:21:09:20:601,813878,813846,32
2018:09:02:21:09:20:757,813878,813859,19
2018:09:02:21:09:21:030,813878,813846,32
2018:09:02:21:09:21:163,813868,813862,6
2018:09:02:21:09:21:270,813868,813862,6
2018:09:02:21:09:21:387,813868,813862,6
2018:09:02:21:09:21:527,813868,813862,6
2018:09:02:21:09:21:810,813899,813860,39
2018:09:02:21:09:21:931,813848,813847,1
2018:09:02:21:09:22:049,813848,813847,1
2018:09:02:21:09:22:305,813848,813761,87
2018:09:02:21:09:22:430,813848,813761,87
2018:09:02:21:09:22:525,813826,813797,29
2018:09:02:21:09:22:636,813826,813797,29
2018:09:02:21:09:22:786,813800,813797,3
2018:09:02:21:09:23:066,813800,813797,3
2018:09:02:21:09:23:167,813800,813797,3
2018:09:02:21:09:23:276,813800,813797,3
2018:09:02:21:09:23:403,813800,813797,3
2018:09:02:21:09:23:499,813825,813800,25
2018:09:02:21:09:23:599,813825,813800,25
2018:09:02:21:09:23:711,813825,813800,25
2018:09:02:21:09:23:837,813798,813789,9
2018:09:02:21:09:23:963,813798,813789,9
2018:09:02:21:09:24:075,813798,813789,9
2018:09:02:21:09:24:173,813798,813789,9
2018:09:02:21:09:24:310,813815,813791,24
2018:09:02:21:09:24:421,813815,813791,24
2018:09:02:21:09:24:519,813815,813791,24
2018:09:02:21:09:24:712,813815,813791,24
2018:09:02:21:09:24:913,813813,813796,17
2018:09:02:21:09:25:019,813815,813796,19
2018:09:02:21:09:25:142,813815,813796,19
2018:09:02:21:09:25:272,813789,813769,20
2018:09:02:21:09:25:384,813789,813769,20
2018:09:02:21:09:25:483,813789,813769,20
2018:09:02:21:09:25:588,813898,813825,73
2018:09:02:21:09:25:697,813898,813825,73
2018:09:02:21:09:25:819,813898,813825,73
2018:09:02:21:09:25:932,813877,813832,45
2018:09:02:21:09:26:035,813877,813832,45
2018:09:02:21:09:26:143,813884,813877,7
2018:09:02:21:09:26:362,813884,813877,7
2018:09:02:21:09:26:468,813888,813887,1
2018:09:02:21:09:26:720,813893,813887,6
2018:09:02:21:09:26:890,813893,813887,6
2018:09:02:21:09:26:981,813900,813890,10
2018:09:02:21:09:27:080,813900,813890,10
2018:09:02:21:09:27:218,813900,813890,10
2018:09:02:21:09:27:385,813900,813877,23
2018:09:02:21:09:27:524,813889,813877,12
2018:09:02:21:09:28:333,813889,813877,12
2018:09:02:21:09:28:483,813916,813878,38
2018:09:02:21:09:28:612,813916,813877,39
2018:09:02:21:09:28:790,813881,813880,1
2018:09:02:21:09:28:897,813928,813880,48
2018:09:02:21:09:29:001,813928,813880,48
2018:09:02:21:09:29:134,813928,813880,48
2018:09:02:21:09:29:285,813928,813906,22
2018:09:02:21:09:29:427,813932,813916,16
2018:09:02:21:09:29:559,813931,813916,15
2018:09:02:21:09:29:774,813931,813916,15
2018:09:02:21:09:29:911,813931,813916,15
2018:09:02:21:09:30:082,813933,813916,17
2018:09:02:21:09:30:219,813933,813877,56
2018:09:02:21:09:30:482,813922,813920,2
2018:09:02:21:09:30:613,813922,813920,2
2018:09:02:21:09:30:887,813922,813920,2
2018:09:02:21:09:31:013,813933,813920,13
2018:09:02:21:09:31:157,813933,813920,13
2018:09:02:21:09:31:265,813933,813920,13
2018:09:02:21:09:31:429,813933,813920,13
2018:09:02:21:09:31:563,813933,813920,13
2018:09:02:21:09:31:661,813933,813923,10
2018:09:02:21:09:31:764,813933,813920,13
2018:09:02:21:09:31:928,813933,813920,13
2018:09:02:21:09:32:840,813933,813923,10
2018:09:02:21:09:33:010,813933,813926,7
2018:09:02:21:09:33:134,813933,813926,7
2018:09:02:21:09:33:260,813933,813926,7
2018:09:02:21:09:33:441,813925,813924,1
2018:09:02:21:09:33:582,813933,813929,4
2018:09:02:21:09:33:761,813933,813878,55
2018:09:02:21:09:33:909,813933,813878,55
2018:09:02:21:09:34:012,813930,813878,52
2018:09:02:21:09:35:012,813933,813877,56
2018:09:02:21:09:35:329,813926,813923,3
2018:09:02:21:09:35:551,813931,813924,7
2018:09:02:21:09:35:736,813933,813925,8
2018:09:02:21:09:36:225,813933,813925,8
2018:09:02:21:09:36:717,813932,813884,48
2018:09:02:21:09:36:839,813933,813903,30
2018:09:02:21:09:36:971,813927,813892,35
2018:09:02:21:09:37:101,813927,813892,35
2018:09:02:21:09:37:233,813930,813897,33
2018:09:02:21:09:37:372,813915,813902,13
2018:09:02:21:09:37:520,813930,813897,33
2018:09:02:21:09:37:626,813930,813897,33
2018:09:02:21:09:37:748,813915,813902,13
2018:09:02:21:09:37:890,813915,813902,13
2018:09:02:21:09:38:663,813915,813902,13
2018:09:02:21:09:38:811,813884,813878,6
2018:09:02:21:09:38:936,813884,813879,5
2018:09:02:21:09:39:168,813884,813879,5
2018:09:02:21:09:39:338,813884,813882,2
2018:09:02:21:09:39:447,813884,813882,2
2018:09:02:21:09:40:674,813884,813882,2
2018:09:02:21:09:41:135,813895,813853,42
2018:09:02:21:09:41:338,813856,813853,3
2018:09:02:21:09:41:472,813856,813837,19
2018:09:02:21:09:41:647,813910,813854,56
2018:09:02:21:09:42:464,813910,813880,30
2018:09:02:21:09:42:658,813932,813855,77
2018:09:02:21:09:43:184,813892,813881,11
2018:09:02:21:09:43:332,813800,813791,9
2018:09:02:21:09:44:258,813800,813791,9
2018:09:02:21:09:44:469,813794,813792,2
2018:09:02:21:09:44:627,813797,813794,3
2018:09:02:21:09:44:811,813774,813763,11
2018:09:02:21:09:44:995,813774,813738,36
2018:09:02:21:09:45:152,813800,813738,62
2018:09:02:21:09:45:308,813823,813795,28
2018:09:02:21:09:45:439,813823,813795,28
2018:09:02:21:09:46:275,813823,813700,123
2018:09:02:21:09:46:404,813816,813811,5
2018:09:02:21:09:46:538,813815,813811,4
2018:09:02:21:09:46:881,813815,813811,4
2018:09:02:21:09:47:014,813815,813811,4
2018:09:02:21:09:47:153,813790,813722,68
2018:09:02:21:09:47:348,813790,813722,68
2018:09:02:21:09:48:614,813775,813737,38
2018:09:02:21:09:49:228,813738,813729,9
2018:09:02:21:09:49:384,813738,813729,9
2018:09:02:21:09:49:503,813738,813729,9
2018:09:02:21:09:49:661,813738,813702,36
2018:09:02:21:09:49:783,813738,813711,27
2018:09:02:21:09:49:906,813737,813730,7
2018:09:02:21:09:50:014,813738,813731,7
2018:09:02:21:09:50:138,813737,813731,6
2018:09:02:21:09:50:259,813727,813702,25
2018:09:02:21:09:50:405,813734,813732,2
2018:09:02:21:09:50:675,813731,813706,25
2018:09:02:21:09:50:807,813731,813706,25
2018:09:02:21:09:50:904,813729,813701,28
2018:09:02:21:09:50:995,813721,813703,18
2018:09:02:21:09:51:104,813722,813703,19
2018:09:02:21:09:51:255,813721,813703,18
2018:09:02:21:09:51:363,813721,813703,18
2018:09:02:21:09:52:162,813716,813701,15
2018:09:02:21:09:52:288,813713,813702,11
2018:09:02:21:09:52:447,813713,813702,11
2018:09:02:21:09:52:595,813713,813702,11
2018:09:02:21:09:52:729,813721,813705,16
2018:09:02:21:09:52:836,813721,813705,16
2018:09:02:21:09:52:937,813700,813685,15
2018:09:02:21:09:54:570,813700,813685,15
2018:09:02:21:09:54:812,813990,813858,132
2018:09:02:21:09:54:951,813990,813858,132
2018:09:02:21:09:55:070,813737,813715,22
2018:09:02:21:09:55:198,813931,813874,57
2018:09:02:21:09:55:315,813931,813874,57
2018:09:02:21:09:55:451,813931,813874,57
2018:09:02:21:09:55:575,813948,813868,80
2018:09:02:21:09:55:935,813949,813868,81
2018:09:02:21:09:56:274,813895,813884,11
2018:09:02:21:09:56:399,813883,813875,8
2018:09:02:21:09:56:546,813879,813878,1
2018:09:02:21:09:56:669,813883,813875,8
2018:09:02:21:09:56:945,813883,813875,8
2018:09:02:21:09:57:069,813878,813800,78
2018:09:02:21:09:57:193,813878,813800,78
2018:09:02:21:09:57:311,813878,813800,78
2018:09:02:21:09:57:417,813878,813876,2
2018:09:02:21:09:57:550,813878,813876,2
2018:09:02:21:09:57:661,813878,813876,2
2018:09:02:21:09:57:880,813878,813876,2
2018:09:02:21:09:57:982,813923,813903,20
2018:09:02:21:09:58:133,813923,813887,36
2018:09:02:21:09:58:280,813923,813905,18
2018:09:02:21:09:58:421,813923,813905,18
2018:09:02:21:09:58:530,813913,813910,3
2018:09:02:21:09:58:628,813913,813905,8
2018:09:02:21:09:58:746,813913,813905,8
2018:09:02:21:09:58:866,813913,813905,8
2018:09:02:21:09:59:011,813913,813911,2
2018:09:02:21:09:59:246,813913,813911,2
2018:09:02:21:09:59:364,813997,813911,86
2018:09:02:21:09:59:505,813997,813911,86
2018:09:02:21:09:59:600,813912,813911,1
2018:09:02:21:09:59:715,813912,813911,1
2018:09:02:21:09:59:827,813912,813911,1
2018:09:02:21:09:59:990,813912,813911,1
2018:09:02:21:10:00:082,813911,813849,62
2018:09:02:21:10:00:200,813981,813918,63
2018:09:02:21:10:00:304,813909,813885,24
2018:09:02:21:10:00:406,813909,813885,24
2018:09:02:21:10:00:502,813909,813885,24
2018:09:02:21:10:00:723,813909,813866,43
2018:09:02:21:10:00:853,813909,813866,43
2018:09:02:21:10:00:976,813902,813866,36
2018:09:02:21:10:01:087,813902,813866,36
2018:09:02:21:10:01:221,813902,813869,33
2018:09:02:21:10:01:345,813902,813869,33
2018:09:02:21:10:01:471,813902,813869,33
2018:09:02:21:10:01:686,813896,813871,25
2018:09:02:21:10:01:831,813908,813871,37
2018:09:02:21:10:01:942,813908,813886,22
2018:09:02:21:10:02:116,813839,813833,6
2018:09:02:21:10:02:402,813839,813833,6
2018:09:02:21:10:02:574,813839,813833,6
2018:09:02:21:10:02:697,813839,813833,6
2018:09:02:21:10:02:821,813879,813800,79
2018:09:02:21:10:02:978,813879,813800,79
2018:09:02:21:10:03:084,813879,813835,44
2018:09:02:21:10:03:243,813879,813835,44
2018:09:02:21:10:03:356,813872,813835,37
2018:09:02:21:10:03:487,813872,813835,37
2018:09:02:21:10:03:605,813869,813816,53
2018:09:02:21:10:03:755,813869,813816,53
2018:09:02:21:10:03:857,813869,813816,53
2018:09:02:21:10:03:983,813839,813800,39
2018:09:02:21:10:04:090,813839,813800,39
2018:09:02:21:10:04:203,813839,813800,39
2018:09:02:21:10:04:966,813871,813800,71
2018:09:02:21:10:05:098,813836,813810,26
2018:09:02:21:10:05:249,813826,813807,19
2018:09:02:21:10:05:360,813826,813807,19
2018:09:02:21:10:05:476,813826,813823,3
2018:09:02:21:10:05:601,813823,813820,3
2018:09:02:21:10:05:763,813821,813820,1
2018:09:02:21:10:05:896,813823,813820,3
2018:09:02:21:10:06:075,813821,813820,1
2018:09:02:21:10:06:199,813821,813820,1
2018:09:02:21:10:06:350,813821,813820,1
2018:09:02:21:10:06:460,813821,813820,1
2018:09:02:21:10:06:628,813821,813820,1
2018:09:02:21:10:06:796,813810,813749,61
2018:09:02:21:10:07:132,813707,813701,6
2018:09:02:21:10:07:243,813707,813600,107
2018:09:02:21:10:07:343,813707,813600,107
2018:09:02:21:10:07:467,813707,813600,107
2018:09:02:21:10:07:716,813809,813572,237
2018:09:02:21:10:07:899,813809,813572,237
2018:09:02:21:10:08:017,813710,813689,21
2018:09:02:21:10:08:168,813710,813689,21
2018:09:02:21:10:08:291,813706,813511,195
2018:09:02:21:10:08:456,813706,813511,195
2018:09:02:21:10:08:581,813706,813511,195
2018:09:02:21:10:08:731,813700,813664,36
2018:09:02:21:10:08:907,813700,813664,36
2018:09:02:21:10:09:116,813730,813573,157
2018:09:02:21:10:09:217,813730,813573,157
2018:09:02:21:10:09:323,813552,813500,52
2018:09:02:21:10:09:486,813572,813562,10
2018:09:02:21:10:09:595,813552,813500,52
2018:09:02:21:10:09:767,813552,813500,52
2018:09:02:21:10:09:899,813572,813562,10
2018:09:02:21:10:10:200,813572,813562,10
2018:09:02:21:10:10:364,813551,813502,49
2018:09:02:21:10:10:469,813549,813496,53
2018:09:02:21:10:10:595,813549,813496,53
2018:09:02:21:10:10:712,813549,813496,53
2018:09:02:21:10:10:825,813549,813510,39
2018:09:02:21:10:10:945,813551,813510,41
2018:09:02:21:10:11:071,813551,813510,41
2018:09:02:21:10:11:216,813551,813510,41
2018:09:02:21:10:11:324,813551,813496,55
2018:09:02:21:10:11:444,813569,813564,5
2018:09:02:21:10:11:585,813551,813496,55
2018:09:02:21:10:11:794,813542,813503,39
2018:09:02:21:10:11:912,813542,813503,39
2018:09:02:21:10:12:042,813542,813503,39
2018:09:02:21:10:12:159,813546,813496,50
2018:09:02:21:10:12:309,813546,813496,50
2018:09:02:21:10:12:592,813541,813520,21
2018:09:02:21:10:13:078,813541,813486,55
2018:09:02:21:10:13:424,813552,813550,2
2018:09:02:21:10:13:559,813538,813517,21
2018:09:02:21:10:13:720,813538,813517,21
2018:09:02:21:10:13:816,813527,813517,10
2018:09:02:21:10:13:937,813527,813517,10
2018:09:02:21:10:14:055,813527,813513,14
2018:09:02:21:10:14:170,813530,813528,2
2018:09:02:21:10:14:290,813527,813486,41
2018:09:02:21:10:14:407,813530,813528,2
2018:09:02:21:10:14:563,813540,813482,58
2018:09:02:21:10:14:693,813540,813482,58
2018:09:02:21:10:14:848,813540,813443,97
2018:09:02:21:10:14:991,813485,813463,22
2018:09:02:21:10:15:143,813540,813443,97
2018:09:02:21:10:15:311,813485,813436,49
2018:09:02:21:10:15:421,813521,813436,85
2018:09:02:21:10:15:558,813521,813420,101
2018:09:02:21:10:15:669,813521,813420,101
2018:09:02:21:10:15:771,813519,813500,19
2018:09:02:21:10:15:899,813432,813403,29
2018:09:02:21:10:16:018,813432,813403,29
2018:09:02:21:10:16:134,813432,813431,1
2018:09:02:21:10:16:232,813432,813403,29
2018:09:02:21:10:16:356,813432,813431,1
2018:09:02:21:10:16:626,813431,813410,21
2018:09:02:21:10:16:776,813422,813413,9
2018:09:02:21:10:16:910,813422,813375,47
2018:09:02:21:10:17:034,813422,813400,22
2018:09:02:21:10:17:208,813422,813400,22
2018:09:02:21:10:17:305,813422,813400,22
2018:09:02:21:10:17:412,813422,813421,1
2018:09:02:21:10:17:528,813422,813421,1
2018:09:02:21:10:17:663,813421,813418,3
2018:09:02:21:10:17:788,813421,813418,3
2018:09:02:21:10:17:901,813421,813418,3
2018:09:02:21:10:18:003,813431,813380,51
2018:09:02:21:10:18:104,813419,813350,69
2018:09:02:21:10:18:207,813431,813380,51
2018:09:02:21:10:18:306,813424,813423,1
2018:09:02:21:10:18:606,813424,813423,1
2018:09:02:21:10:18:703,813414,813387,27
2018:09:02:21:10:18:805,813414,813387,27
2018:09:02:21:10:18:903,813414,813387,27
2018:09:02:21:10:19:019,813414,813382,32
2018:09:02:21:10:19:137,813414,813382,32
2018:09:02:21:10:19:250,813413,813392,21
2018:09:02:21:10:19:348,813404,813392,12
2018:09:02:21:10:19:469,813404,813392,12
2018:09:02:21:10:19:578,813424,813392,32
2018:09:02:21:10:19:743,813424,813392,32
2018:09:02:21:10:19:993,813424,813392,32
2018:09:02:21:10:20:095,813523,813511,12
2018:09:02:21:10:20:218,813523,813511,12
2018:09:02:21:10:20:384,813523,813245,278
2018:09:02:21:10:20:590,813523,813511,12
2018:09:02:21:10:20:742,813432,813402,30
2018:09:02:21:10:20:872,813419,813396,23
2018:09:02:21:10:20:972,813380,813295,85
2018:09:02:21:10:21:092,813380,813295,85
2018:09:02:21:10:21:193,813380,813295,85
2018:09:02:21:10:21:436,813380,813367,13
2018:09:02:21:10:21:676,813360,813334,26
2018:09:02:21:10:21:826,813369,813319,50
2018:09:02:21:10:21:943,813348,813323,25
2018:09:02:21:10:22:035,813348,813323,25
2018:09:02:21:10:22:154,813348,813323,25
2018:09:02:21:10:22:279,813341,813331,10
2018:09:02:21:10:22:511,813377,813331,46
2018:09:02:21:10:22:614,813345,813326,19
2018:09:02:21:10:22:732,813345,813326,19
2018:09:02:21:10:22:904,813338,813326,12
2018:09:02:21:10:23:011,813328,813325,3
2018:09:02:21:10:23:155,813337,813329,8
2018:09:02:21:10:23:270,813337,813329,8
2018:09:02:21:10:23:413,813380,813324,56
2018:09:02:21:10:23:527,813377,813336,41
2018:09:02:21:10:23:618,813380,813324,56
2018:09:02:21:10:23:751,813377,813336,41
2018:09:02:21:10:23:878,813429,813362,67
2018:09:02:21:10:23:983,813429,813362,67
2018:09:02:21:10:24:133,813527,813486,41
2018:09:02:21:10:24:254,813519,813486,33
2018:09:02:21:10:24:360,813519,813486,33
2018:09:02:21:10:24:454,813509,813487,22
2018:09:02:21:10:24:543,813509,813506,3
2018:09:02:21:10:24:654,813509,813506,3
2018:09:02:21:10:24:787,813492,813487,5
2018:09:02:21:10:25:009,813492,813487,5
2018:09:02:21:10:25:112,813492,813487,5
2018:09:02:21:10:25:239,813492,813491,1
2018:09:02:21:10:25:353,813492,813491,1
2018:09:02:21:10:25:669,813492,813487,5
2018:09:02:21:10:25:799,813492,813487,5
2018:09:02:21:10:25:913,813492,813487,5
2018:09:02:21:10:26:025,813492,813487,5
2018:09:02:21:10:26:117,813492,813487,5
2018:09:02:21:10:26:245,813489,813488,1
2018:09:02:21:10:26:526,813489,813488,1
2018:09:02:21:10:26:816,813506,813488,18
2018:09:02:21:10:26:946,813506,813488,18
2018:09:02:21:10:27:068,813496,813491,5
2018:09:02:21:10:27:172,813496,813491,5
2018:09:02:21:10:27:282,813506,813351,155
2018:09:02:21:10:27:411,813455,813388,67
2018:09:02:21:10:27:526,813455,813388,67
2018:09:02:21:10:27:652,813455,813401,54
2018:09:02:21:10:27:766,813495,813395,100
2018:09:02:21:10:27:886,813445,813415,30
2018:09:02:21:10:27:985,813445,813415,30
2018:09:02:21:10:28:093,813445,813415,30
2018:09:02:21:10:28:199,813445,813415,30
2018:09:02:21:10:28:306,813432,813415,17
2018:09:02:21:10:28:443,813432,813415,17
2018:09:02:21:10:28:591,813432,813415,17
2018:09:02:21:10:28:780,813432,813415,17
2018:09:02:21:10:28:906,813432,813415,17
2018:09:02:21:10:29:035,813432,813416,16
2018:09:02:21:10:29:152,813429,813416,13
2018:09:02:21:10:29:258,813432,813416,16
2018:09:02:21:10:29:353,813432,813416,16
2018:09:02:21:10:29:569,813432,813426,6
2018:09:02:21:10:29:845,813432,813426,6
2018:09:02:21:10:29:949,813429,813426,3
2018:09:02:21:10:30:050,813432,813431,1
2018:09:02:21:10:30:150,813432,813431,1
2018:09:02:21:10:30:301,813432,813431,1
2018:09:02:21:10:30:421,813432,813431,1
2018:09:02:21:10:30:617,813422,813416,6
2018:09:02:21:10:30:754,813422,813416,6
2018:09:02:21:10:30:896,813422,813416,6
2018:09:02:21:10:31:184,813419,813375,44
2018:09:02:21:10:31:482,813432,813396,36
2018:09:02:21:10:31:589,813432,813399,33
2018:09:02:21:10:31:711,813431,813375,56
2018:09:02:21:10:31:830,813431,813375,56
2018:09:02:21:10:31:996,813431,813375,56
2018:09:02:21:10:32:191,813428,813375,53
2018:09:02:21:10:32:290,813428,813408,20
2018:09:02:21:10:32:381,813428,813408,20
2018:09:02:21:10:32:505,813428,813408,20
2018:09:02:21:10:32:619,813494,813408,86
2018:09:02:21:10:32:752,813494,813408,86
2018:09:02:21:10:32:859,813494,813408,86
2018:09:02:21:10:32:966,813493,813422,71
2018:09:02:21:10:33:100,813494,813415,79
2018:09:02:21:10:33:223,813493,813422,71
2018:09:02:21:10:33:339,813493,813422,71
2018:09:02:21:10:33:508,813493,813422,71
2018:09:02:21:10:33:764,813492,813429,63
2018:09:02:21:10:33:880,813445,813435,10
2018:09:02:21:10:33:987,813445,813435,10
2018:09:02:21:10:34:122,813454,813450,4
2018:09:02:21:10:34:250,813454,813450,4
2018:09:02:21:10:34:360,813454,813450,4
2018:09:02:21:10:34:462,813491,813483,8
2018:09:02:21:10:34:572,813556,813555,1
2018:09:02:21:10:34:750,813556,813555,1
2018:09:02:21:10:35:055,813556,813555,1
2018:09:02:21:10:35:177,813557,813556,1
2018:09:02:21:10:35:282,813556,813555,1
2018:09:02:21:10:35:541,813556,813555,1
2018:09:02:21:10:35:826,813557,813555,2
2018:09:02:21:10:35:951,813557,813555,2
2018:09:02:21:10:36:055,813541,813506,35
2018:09:02:21:10:36:194,813529,813484,45
2018:09:02:21:10:36:313,813522,813505,17
2018:09:02:21:10:36:511,813521,813505,16
2018:09:02:21:10:36:624,813521,813505,16
2018:09:02:21:10:36:740,813521,813505,16
2018:09:02:21:10:36:843,813521,813505,16
2018:09:02:21:10:36:963,813521,813505,16
2018:09:02:21:10:37:096,813521,813505,16
2018:09:02:21:10:37:203,813511,813508,3
2018:09:02:21:10:37:307,813511,813508,3
2018:09:02:21:10:37:432,813521,813505,16
2018:09:02:21:10:37:730,813511,813508,3
2018:09:02:21:10:37:878,813500,813462,38
2018:09:02:21:10:38:004,813500,813462,38
2018:09:02:21:10:38:104,813500,813462,38
2018:09:02:21:10:38:228,813500,813462,38
2018:09:02:21:10:38:339,813500,813462,38
2018:09:02:21:10:38:457,813499,813462,37
2018:09:02:21:10:38:737,813490,813465,25
2018:09:02:21:10:38:854,813490,813468,22
2018:09:02:21:10:39:001,813490,813468,22
2018:09:02:21:10:39:317,813490,813468,22
2018:09:02:21:10:39:415,813499,813436,63
2018:09:02:21:10:39:516,813492,813375,117
2018:09:02:21:10:39:636,813492,813386,106
2018:09:02:21:10:39:757,813463,813387,76
2018:09:02:21:10:39:883,813463,813387,76
2018:09:02:21:10:39:988,813453,813387,66
2018:09:02:21:10:40:096,813388,813387,1
2018:09:02:21:10:40:226,813453,813393,60
2018:09:02:21:10:40:320,813443,813394,49
2018:09:02:21:10:40:454,813443,813394,49
2018:09:02:21:10:40:570,813443,813394,49
2018:09:02:21:10:40:715,813443,813394,49
2018:09:02:21:10:40:846,813450,813403,47
2018:09:02:21:10:40:986,813450,813403,47
2018:09:02:21:10:41:160,813436,813408,28
2018:09:02:21:10:41:272,813412,813408,4
2018:09:02:21:10:41:384,813436,813403,33
2018:09:02:21:10:41:508,813436,813403,33
2018:09:02:21:10:41:776,813436,813403,33
2018:09:02:21:10:41:889,813428,813387,41
2018:09:02:21:10:42:002,813428,813386,42
2018:09:02:21:10:42:263,813428,813386,42
2018:09:02:21:10:42:393,813426,813401,25
2018:09:02:21:10:42:514,813417,813362,55
2018:09:02:21:10:42:624,813426,813401,25
2018:09:02:21:10:42:751,813417,813380,37
2018:09:02:21:10:42:857,813417,813380,37
2018:09:02:21:10:42:971,813417,813380,37
2018:09:02:21:10:43:085,813418,813395,23
2018:09:02:21:10:43:210,813418,813395,23
2018:09:02:21:10:43:322,813418,813395,23
2018:09:02:21:10:43:475,813418,813395,23
2018:09:02:21:10:43:573,813418,813398,20
2018:09:02:21:10:43:737,813417,813408,9
2018:09:02:21:10:43:925,813418,813398,20
2018:09:02:21:10:44:049,813417,813408,9
2018:09:02:21:10:44:148,813412,813410,2
2018:09:02:21:10:44:316,813412,813408,4
2018:09:02:21:10:44:454,813409,813408,1
2018:09:02:21:10:44:585,813415,813408,7
2018:09:02:21:10:44:708,813409,813408,1
2018:09:02:21:10:44:829,813412,813408,4
2018:09:02:21:10:44:951,813409,813408,1
2018:09:02:21:10:45:054,813412,813408,4
2018:09:02:21:10:45:167,813412,813411,1
2018:09:02:21:10:45:388,813418,813411,7
2018:09:02:21:10:45:504,813418,813411,7
2018:09:02:21:10:45:654,813418,813411,7
2018:09:02:21:10:45:761,813418,813411,7
2018:09:02:21:10:45:886,813418,813411,7
2018:09:02:21:10:45:996,813418,813300,118
2018:09:02:21:10:46:103,813384,813348,36
2018:09:02:21:10:46:220,813384,813348,36
2018:09:02:21:10:46:359,813384,813348,36
2018:09:02:21:10:46:480,813365,813348,17
2018:09:02:21:10:46:603,813365,813354,11
2018:09:02:21:10:46:924,813375,813368,7
2018:09:02:21:10:47:081,813375,813373,2
2018:09:02:21:10:47:367,813375,813366,9
2018:09:02:21:10:47:483,813368,813364,4
2018:09:02:21:10:47:586,813368,813364,4
2018:09:02:21:10:47:720,813368,813364,4
2018:09:02:21:10:47:834,813368,813364,4
2018:09:02:21:10:48:154,813368,813364,4
2018:09:02:21:10:48:256,813357,813334,23
2018:09:02:21:10:48:370,813368,813367,1
2018:09:02:21:10:48:469,813368,813367,1
2018:09:02:21:10:48:584,813358,813334,24
2018:09:02:21:10:48:676,813358,813334,24
2018:09:02:21:10:48:831,813358,813334,24
2018:09:02:21:10:48:929,813358,813357,1
2018:09:02:21:10:49:028,813358,813357,1
2018:09:02:21:10:49:151,813358,813357,1
2018:09:02:21:10:49:251,813358,813357,1
2018:09:02:21:10:49:348,813358,813357,1
2018:09:02:21:10:49:477,813358,813357,1
2018:09:02:21:10:49:574,813368,813367,1
2018:09:02:21:10:49:788,813368,813367,1
2018:09:02:21:10:50:072,813458,813428,30
2018:09:02:21:10:50:173,813458,813428,30
2018:09:02:21:10:50:282,813430,813428,2
2018:09:02:21:10:50:391,813430,813428,2
2018:09:02:21:10:50:502,813430,813428,2
2018:09:02:21:10:50:609,813430,813428,2
2018:09:02:21:10:50:731,813430,813428,2
2018:09:02:21:10:50:854,813429,813428,1
2018:09:02:21:10:51:118,813429,813428,1
2018:09:02:21:10:51:209,813429,813428,1
2018:09:02:21:10:51:350,813429,813428,1
2018:09:02:21:10:51:473,813429,813428,1
2018:09:02:21:10:51:596,813429,813428,1
2018:09:02:21:10:51:825,813429,813428,1
2018:09:02:21:10:51:951,813429,813428,1
2018:09:02:21:10:52:051,813429,813428,1
2018:09:02:21:10:52:150,813429,813428,1
2018:09:02:21:10:52:243,813429,813428,1
2018:09:02:21:10:52:350,813421,813379,42
2018:09:02:21:10:52:478,813421,813379,42
2018:09:02:21:10:52:625,813421,813379,42
2018:09:02:21:10:52:721,813418,813379,39
2018:09:02:21:10:52:829,813395,813379,16
2018:09:02:21:10:52:936,813395,813382,13
2018:09:02:21:10:53:051,813395,813382,13
2018:09:02:21:10:53:269,813395,813379,16
2018:09:02:21:10:53:410,813394,813382,12
2018:09:02:21:10:53:551,813394,813382,12
2018:09:02:21:10:53:646,813394,813382,12
2018:09:02:21:10:53:744,813400,813385,15
2018:09:02:21:10:53:884,813400,813385,15
2018:09:02:21:10:53:989,813387,813385,2
2018:09:02:21:10:54:103,813387,813385,2
2018:09:02:21:10:54:209,813387,813385,2
2018:09:02:21:10:54:332,813386,813385,1
2018:09:02:21:10:54:430,813386,813385,1
2018:09:02:21:10:54:546,813386,813385,1
2018:09:02:21:10:54:670,813386,813385,1
2018:09:02:21:10:54:871,813386,813378,8
2018:09:02:21:10:54:976,813391,813378,13
2018:09:02:21:10:55:090,813391,813381,10
2018:09:02:21:10:55:254,813391,813381,10
2018:09:02:21:10:55:359,813399,813383,16
2018:09:02:21:10:55:481,813391,813371,20
2018:09:02:21:10:55:620,813391,813300,91
2018:09:02:21:10:55:716,813391,813300,91
2018:09:02:21:10:55:819,813391,813300,91
2018:09:02:21:10:55:928,813391,813300,91
2018:09:02:21:10:56:214,813384,813345,39
2018:09:02:21:10:56:416,813384,813300,84
2018:09:02:21:10:56:535,813384,813300,84
2018:09:02:21:10:56:633,813384,813360,24
2018:09:02:21:10:56:737,813373,813321,52
2018:09:02:21:10:56:836,813373,813321,52
2018:09:02:21:10:56:947,813373,813321,52
2018:09:02:21:10:57:080,813373,813300,73
2018:09:02:21:10:57:188,813373,813321,52
2018:09:02:21:10:57:307,813373,813300,73
2018:09:02:21:10:57:492,813382,813307,75
2018:09:02:21:10:57:722,813370,813335,35
2018:09:02:21:10:57:998,813370,813335,35
2018:09:02:21:10:58:110,813364,813335,29
2018:09:02:21:10:58:230,813364,813335,29
2018:09:02:21:10:58:358,813364,813335,29
2018:09:02:21:10:58:495,813364,813335,29
2018:09:02:21:10:58:623,813364,813335,29
2018:09:02:21:10:58:757,813400,813335,65
2018:09:02:21:10:59:031,813400,813338,62
2018:09:02:21:10:59:361,813393,813338,55
2018:09:02:21:10:59:529,813400,813366,34
2018:09:02:21:10:59:746,813386,813366,20
2018:09:02:21:10:59:873,813400,813343,57
2018:09:02:21:11:00:165,813400,813343,57
2018:09:02:21:11:00:286,813376,813344,32
2018:09:02:21:11:00:403,813376,813344,32
2018:09:02:21:11:00:500,813386,813348,38
2018:09:02:21:11:00:618,813386,813348,38
2018:09:02:21:11:00:771,813386,813348,38
2018:09:02:21:11:00:895,813386,813358,28
2018:09:02:21:11:00:998,813385,813358,27
2018:09:02:21:11:01:129,813367,813358,9
2018:09:02:21:11:01:255,813367,813358,9
2018:09:02:21:11:01:367,813383,813358,25
2018:09:02:21:11:01:503,813367,813358,9
2018:09:02:21:11:01:937,813383,813358,25
2018:09:02:21:11:02:045,813380,813345,35
2018:09:02:21:11:02:958,813386,813345,41
2018:09:02:21:11:03:177,813371,813355,16
2018:09:02:21:11:03:290,813378,813345,33
2018:09:02:21:11:03:402,813378,813345,33
2018:09:02:21:11:03:533,813378,813345,33
2018:09:02:21:11:03:688,813378,813345,33
2018:09:02:21:11:03:848,813378,813359,19
2018:09:02:21:11:04:018,813378,813348,30
2018:09:02:21:11:04:147,813378,813359,19
2018:09:02:21:11:04:242,813395,813359,36
2018:09:02:21:11:04:345,813395,813359,36
2018:09:02:21:11:04:478,813378,813359,19
2018:09:02:21:11:04:802,813426,813386,40
2018:09:02:21:11:04:900,813419,813410,9
2018:09:02:21:11:05:039,813419,813410,9
2018:09:02:21:11:05:151,813419,813410,9
2018:09:02:21:11:05:273,813419,813410,9
2018:09:02:21:11:05:394,813419,813410,9
2018:09:02:21:11:05:511,813419,813410,9
2018:09:02:21:11:05:690,813411,813410,1
2018:09:02:21:11:05:829,813411,813410,1
2018:09:02:21:11:05:940,813425,813410,15
2018:09:02:21:11:06:375,813425,813410,15
2018:09:02:21:11:06:512,813491,813483,8
2018:09:02:21:11:06:633,813488,813437,51
2018:09:02:21:11:06:811,813488,813437,51
2018:09:02:21:11:06:948,813480,813437,43
2018:09:02:21:11:07:086,813491,813485,6
2018:09:02:21:11:07:233,813491,813485,6
2018:09:02:21:11:07:362,813495,813485,10
2018:09:02:21:11:07:568,813483,813442,41
2018:09:02:21:11:07:697,813481,813442,39
2018:09:02:21:11:08:047,813483,813442,41
2018:09:02:21:11:08:190,813490,813440,50
2018:09:02:21:11:08:301,813490,813443,47
2018:09:02:21:11:08:429,813490,813445,45
2018:09:02:21:11:08:743,813490,813445,45
2018:09:02:21:11:08:932,813490,813445,45
2018:09:02:21:11:09:093,813490,813400,90
2018:09:02:21:11:09:238,813490,813400,90
2018:09:02:21:11:09:340,813480,813407,73
2018:09:02:21:11:09:457,813480,813407,73
2018:09:02:21:11:09:569,813442,813418,24
2018:09:02:21:11:09:686,813465,813421,44
2018:09:02:21:11:09:900,813465,813421,44
2018:09:02:21:11:10:028,813465,813414,51
2018:09:02:21:11:10:147,813465,813414,51
2018:09:02:21:11:10:265,813499,813424,75
2018:09:02:21:11:10:382,813452,813442,10
2018:09:02:21:11:10:488,813452,813442,10
2018:09:02:21:11:10:652,813452,813442,10
2018:09:02:21:11:10:821,813452,813442,10
2018:09:02:21:11:10:992,813452,813442,10
2018:09:02:21:11:11:121,813449,813448,1
2018:09:02:21:11:11:267,813488,813442,46
2018:09:02:21:11:11:402,813498,813460,38
2018:09:02:21:11:11:522,813498,813460,38
2018:09:02:21:11:11:686,813498,813460,38
2018:09:02:21:11:11:833,813498,813460,38
2018:09:02:21:11:11:965,813497,813461,36
2018:09:02:21:11:12:167,813497,813461,36
2018:09:02:21:11:12:316,813497,813463,34
2018:09:02:21:11:12:454,813497,813463,34
2018:09:02:21:11:12:600,813497,813463,34
2018:09:02:21:11:12:743,813497,813442,55
2018:09:02:21:11:12:869,813497,813442,55
2018:09:02:21:11:13:033,813497,813468,29
2018:09:02:21:11:13:161,813494,813468,26
2018:09:02:21:11:13:303,813498,813473,25
2018:09:02:21:11:13:418,813497,813473,24
2018:09:02:21:11:13:571,813498,813473,25
2018:09:02:21:11:13:918,813498,813486,12
2018:09:02:21:11:14:048,813498,813486,12
2018:09:02:21:11:14:163,813498,813486,12
2018:09:02:21:11:14:262,813498,813491,7
2018:09:02:21:11:14:378,813500,813491,9
2018:09:02:21:11:14:490,813500,813491,9
2018:09:02:21:11:14:597,813500,813491,9
2018:09:02:21:11:14:777,813500,813491,9
2018:09:02:21:11:14:894,813500,813491,9
2018:09:02:21:11:15:042,813521,813500,21
2018:09:02:21:11:15:178,813521,813500,21
2018:09:02:21:11:15:347,813521,813500,21
2018:09:02:21:11:15:446,813521,813520,1
2018:09:02:21:11:15:625,813521,813520,1
2018:09:02:21:11:15:748,813521,813520,1
2018:09:02:21:11:15:864,813590,813521,69
2018:09:02:21:11:16:132,813590,813521,69
2018:09:02:21:11:16:272,813590,813521,69
2018:09:02:21:11:16:373,813606,813530,76
2018:09:02:21:11:16:483,813606,813530,76
2018:09:02:21:11:16:642,813606,813530,76
2018:09:02:21:11:16:778,813576,813555,21
2018:09:02:21:11:16:923,813606,813530,76
2018:09:02:21:11:17:076,813699,813555,144
2018:09:02:21:11:17:210,813699,813555,144
2018:09:02:21:11:17:365,813700,813579,121
2018:09:02:21:11:17:568,813590,813521,69
2018:09:02:21:11:17:678,813676,813608,68
2018:09:02:21:11:17:867,813671,813643,28
2018:09:02:21:11:18:238,813676,813648,28
2018:09:02:21:11:18:429,813668,813648,20
2018:09:02:21:11:18:564,813676,813654,22
2018:09:02:21:11:18:679,813668,813648,20
2018:09:02:21:11:18:804,813676,813654,22
2018:09:02:21:11:18:958,813688,813676,12
2018:09:02:21:11:19:094,813688,813654,34
2018:09:02:21:11:19:215,813694,813683,11
2018:09:02:21:11:19:329,813688,813676,12
2018:09:02:21:11:19:438,813697,813686,11
2018:09:02:21:11:19:549,813686,813676,10
2018:09:02:21:11:19:678,813685,813676,9
2018:09:02:21:11:19:885,813685,813676,9
2018:09:02:21:11:19:985,813700,813676,24
2018:09:02:21:11:20:127,813682,813676,6
2018:09:02:21:11:20:270,813682,813676,6
2018:09:02:21:11:20:378,813700,813677,23
2018:09:02:21:11:20:485,813700,813677,23
2018:09:02:21:11:20:607,813679,813677,2
2018:09:02:21:11:20:761,813700,813681,19
2018:09:02:21:11:20:885,813700,813681,19
2018:09:02:21:11:20:975,813700,813681,19
2018:09:02:21:11:21:077,813700,813684,16
2018:09:02:21:11:21:197,813700,813684,16
2018:09:02:21:11:21:482,813699,813682,17
2018:09:02:21:11:21:603,813699,813682,17
2018:09:02:21:11:21:771,813700,813682,18
2018:09:02:21:11:21:876,813685,813683,2
2018:09:02:21:11:22:002,813700,813685,15
2018:09:02:21:11:22:111,813700,813685,15
2018:09:02:21:11:22:225,813700,813686,14
2018:09:02:21:11:22:345,813700,813686,14
2018:09:02:21:11:22:466,813700,813686,14
2018:09:02:21:11:22:609,813700,813686,14
2018:09:02:21:11:22:831,813697,813687,10
2018:09:02:21:11:23:202,813715,813687,28
2018:09:02:21:11:23:332,813718,813715,3
2018:09:02:21:11:23:444,813726,813715,11
2018:09:02:21:11:23:552,813717,813715,2
2018:09:02:21:11:23:674,813717,813715,2
2018:09:02:21:11:23:786,813717,813715,2
2018:09:02:21:11:23:906,813717,813715,2
2018:09:02:21:11:24:051,813717,813715,2
2018:09:02:21:11:24:162,813769,813724,45
2018:09:02:21:11:24:312,813769,813724,45
2018:09:02:21:11:24:429,813769,813731,38
2018:09:02:21:11:24:570,813790,813724,66
2018:09:02:21:11:24:679,813787,813731,56
2018:09:02:21:11:24:778,813787,813731,56
2018:09:02:21:11:24:890,813787,813731,56
2018:09:02:21:11:25:080,813787,813741,46
2018:09:02:21:11:25:278,813789,813741,48
2018:09:02:21:11:25:377,813789,813741,48
2018:09:02:21:11:25:483,813789,813741,48
2018:09:02:21:11:25:614,813788,813724,64
2018:09:02:21:11:25:825,813788,813724,64
2018:09:02:21:11:26:745,813776,813731,45
2018:09:02:21:11:26:870,813769,813714,55
2018:09:02:21:11:26:988,813769,813717,52
2018:09:02:21:11:27:093,813762,813731,31
2018:09:02:21:11:27:223,813762,813731,31
2018:09:02:21:11:27:319,813762,813731,31
2018:09:02:21:11:27:412,813762,813731,31
2018:09:02:21:11:27:518,813762,813731,31
2018:09:02:21:11:27:623,813762,813731,31
2018:09:02:21:11:27:800,813762,813731,31
2018:09:02:21:11:27:981,813741,813681,60
2018:09:02:21:11:28:097,813762,813555,207
2018:09:02:21:11:28:213,813741,813681,60
2018:09:02:21:11:28:329,813741,813681,60
2018:09:02:21:11:28:465,813741,813681,60
2018:09:02:21:11:28:592,813741,813681,60
2018:09:02:21:11:28:794,813741,813681,60
2018:09:02:21:11:28:916,813691,813559,132
2018:09:02:21:11:29:051,813691,813559,132
2018:09:02:21:11:29:282,813555,813505,50
2018:09:02:21:11:29:511,813638,813597,41
2018:09:02:21:11:29:688,813555,813505,50
2018:09:02:21:11:29:780,813545,813510,35
2018:09:02:21:11:29:882,813545,813510,35
2018:09:02:21:11:29:991,813545,813510,35
2018:09:02:21:11:30:096,813545,813510,35
2018:09:02:21:11:30:209,813545,813510,35
2018:09:02:21:11:30:430,813616,813600,16
2018:09:02:21:11:30:539,813614,813600,14
2018:09:02:21:11:30:679,813614,813600,14
2018:09:02:21:11:30:799,813614,813605,9
2018:09:02:21:11:31:219,813655,813615,40
2018:09:02:21:11:31:340,813655,813615,40
2018:09:02:21:11:31:793,813648,813625,23
2018:09:02:21:11:31:892,813641,813602,39
2018:09:02:21:11:31:998,813641,813635,6
2018:09:02:21:11:32:126,813640,813635,5
2018:09:02:21:11:32:223,813640,813635,5
2018:09:02:21:11:32:359,813638,813635,3
2018:09:02:21:11:32:536,813654,813645,9
2018:09:02:21:11:32:982,813654,813638,16
2018:09:02:21:11:33:095,813654,813635,19
2018:09:02:21:11:33:292,813680,813635,45
2018:09:02:21:11:33:426,813680,813665,15
2018:09:02:21:11:33:575,813656,813638,18
2018:09:02:21:11:34:743,813680,813638,42
2018:09:02:21:11:34:950,813656,813655,1
2018:09:02:21:11:35:096,813656,813655,1
2018:09:02:21:11:35:198,813680,813658,22
2018:09:02:21:11:35:316,813680,813658,22
2018:09:02:21:11:35:433,813680,813658,22
2018:09:02:21:11:36:588,813679,813658,21
2018:09:02:21:11:37:406,813693,813676,17
2018:09:02:21:11:37:784,813697,813681,16
2018:09:02:21:11:37:890,813697,813681,16
2018:09:02:21:11:37:999,813697,813681,16
2018:09:02:21:11:38:137,813697,813681,16
2018:09:02:21:11:38:236,813697,813682,15
2018:09:02:21:11:38:358,813697,813682,15
2018:09:02:21:11:38:454,813690,813682,8
2018:09:02:21:11:38:611,813697,813682,15
2018:09:02:21:11:38:755,813687,813682,5
2018:09:02:21:11:38:860,813687,813682,5
2018:09:02:21:11:38:970,813687,813682,5
2018:09:02:21:11:39:115,813684,813682,2
2018:09:02:21:11:39:293,813684,813682,2
2018:09:02:21:11:39:397,813684,813682,2
2018:09:02:21:11:39:507,813684,813682,2
2018:09:02:21:11:40:593,813684,813682,2
2018:09:02:21:11:40:700,813699,813682,17
2018:09:02:21:11:40:814,813699,813690,9
2018:09:02:21:11:40:939,813699,813690,9
2018:09:02:21:11:41:056,813699,813690,9
2018:09:02:21:11:41:155,813699,813690,9
2018:09:02:21:11:41:276,813699,813690,9
2018:09:02:21:11:41:383,813699,813690,9
2018:09:02:21:11:41:578,813696,813690,6
2018:09:02:21:11:41:707,813696,813690,6
2018:09:02:21:11:42:001,813696,813690,6
2018:09:02:21:11:43:440,813497,813495,2
2018:09:02:21:11:43:593,813648,813585,63
2018:09:02:21:11:43:803,813648,813586,62
2018:09:02:21:11:43:956,813648,813586,62
2018:09:02:21:11:44:080,813635,813602,33
2018:09:02:21:11:44:230,813635,813602,33
2018:09:02:21:11:44:362,813632,813603,29
2018:09:02:21:11:44:489,813632,813603,29
2018:09:02:21:11:44:598,813632,813603,29
2018:09:02:21:11:44:713,813632,813603,29
2018:09:02:21:11:44:823,813632,813603,29
2018:09:02:21:11:45:908,813632,813603,29
2018:09:02:21:11:46:044,813688,813616,72
2018:09:02:21:11:46:383,813688,813616,72
2018:09:02:21:11:46:502,813681,813635,46
2018:09:02:21:11:46:629,813681,813635,46
2018:09:02:21:11:47:696,813681,813637,44
2018:09:02:21:11:47:845,813664,813650,14
2018:09:02:21:11:47:994,813663,813654,9
2018:09:02:21:11:48:132,813663,813654,9
2018:09:02:21:11:48:277,813663,813661,2
2018:09:02:21:11:48:388,813734,813665,69
2018:09:02:21:11:48:510,813734,813664,70
2018:09:02:21:11:48:621,813758,813700,58
2018:09:02:21:11:48:774,813758,813700,58
2018:09:02:21:11:49:671,813731,813707,24
2018:09:02:21:11:49:819,813788,813708,80
2018:09:02:21:11:49:936,813787,813714,73
2018:09:02:21:11:50:053,813787,813714,73
2018:09:02:21:11:50:210,813715,813700,15
2018:09:02:21:11:50:371,813715,813682,33
2018:09:02:21:11:50:533,813715,813682,33
2018:09:02:21:11:51:446,813714,813666,48
2018:09:02:21:11:51:598,813714,813666,48
2018:09:02:21:11:51:742,813681,813631,50
2018:09:02:21:11:51:868,813681,813631,50
2018:09:02:21:11:52:029,813681,813631,50
2018:09:02:21:11:53:055,813652,813624,28
2018:09:02:21:11:53:228,813529,813517,12
2018:09:02:21:11:53:412,813529,813517,12
2018:09:02:21:11:53:548,813509,813504,5
2018:09:02:21:11:53:670,813509,813504,5
2018:09:02:21:11:53:782,813509,813504,5
2018:09:02:21:11:53:899,813509,813504,5
2018:09:02:21:11:54:023,813509,813504,5
2018:09:02:21:11:55:074,813528,813524,4
2018:09:02:21:11:55:245,813563,813537,26
2018:09:02:21:11:55:655,813528,813524,4
2018:09:02:21:11:56:671,813563,813528,35
2018:09:02:21:11:56:793,813619,813529,90
2018:09:02:21:11:56:929,813555,813505,50
2018:09:02:21:11:57:048,813532,813518,14
2018:09:02:21:11:57:290,813532,813518,14
2018:09:02:21:11:57:422,813522,813520,2
2018:09:02:21:11:57:533,813522,813515,7
2018:09:02:21:11:57:657,813522,813518,4
2018:09:02:21:11:57:764,813522,813518,4
2018:09:02:21:11:59:441,813522,813518,4
2018:09:02:21:11:59:637,813489,813451,38
2018:09:02:21:11:59:789,813495,813464,31
2018:09:02:21:11:59:918,813495,813464,31
2018:09:02:21:12:01:030,813495,813444,51
2018:09:02:21:12:01:162,813475,813453,22
2018:09:02:21:12:01:293,813475,813453,22
2018:09:02:21:12:01:458,813474,813453,21
2018:09:02:21:12:01:798,813474,813463,11
2018:09:02:21:12:02:012,813464,813453,11
2018:09:02:21:12:02:196,813464,813453,11
2018:09:02:21:12:03:200,813453,813443,10
2018:09:02:21:12:03:320,813462,813442,20
2018:09:02:21:12:03:447,813452,813445,7
2018:09:02:21:12:03:558,813462,813447,15
2018:09:02:21:12:03:664,813462,813445,17
2018:09:02:21:12:03:785,813462,813447,15
2018:09:02:21:12:03:956,813462,813447,15
2018:09:02:21:12:04:059,813462,813443,19
2018:09:02:21:12:04:166,813462,813448,14
2018:09:02:21:12:04:407,813462,813448,14
2018:09:02:21:12:04:545,813461,813458,3
2018:09:02:21:12:04:704,813461,813458,3
2018:09:02:21:12:04:839,813461,813458,3
2018:09:02:21:12:04:943,813460,813451,9
2018:09:02:21:12:05:051,813458,813450,8
2018:09:02:21:12:05:179,813458,813450,8
2018:09:02:21:12:05:363,813455,813451,4
2018:09:02:21:12:05:631,813455,813451,4
2018:09:02:21:12:05:744,813457,813450,7
2018:09:02:21:12:05:930,813457,813450,7
2018:09:02:21:12:07:018,813456,813454,2
2018:09:02:21:12:07:173,813462,813455,7
2018:09:02:21:12:07:274,813462,813443,19
2018:09:02:21:12:07:408,813457,813443,14
2018:09:02:21:12:07:525,813462,813455,7
2018:09:02:21:12:07:621,813471,813456,15
2018:09:02:21:12:07:772,813471,813456,15
2018:09:02:21:12:07:879,813462,813455,7
2018:09:02:21:12:07:970,813465,813456,9
2018:09:02:21:12:08:070,813462,813455,7
2018:09:02:21:12:08:183,813462,813455,7
2018:09:02:21:12:08:297,813459,813455,4
2018:09:02:21:12:08:395,813471,813467,4
2018:09:02:21:12:08:504,813471,813467,4
2018:09:02:21:12:08:628,813471,813467,4
2018:09:02:21:12:08:749,813471,813467,4
2018:09:02:21:12:08:851,813471,813467,4
2018:09:02:21:12:08:973,813471,813467,4
2018:09:02:21:12:09:082,813471,813468,3
2018:09:02:21:12:09:187,813471,813467,4
2018:09:02:21:12:09:289,813471,813468,3
2018:09:02:21:12:09:426,813471,813468,3
2018:09:02:21:12:09:679,813471,813468,3
2018:09:02:21:12:09:866,813470,813469,1
2018:09:02:21:12:10:023,813470,813469,1
2018:09:02:21:12:10:128,813471,813470,1
2018:09:02:21:12:10:230,813471,813470,1
2018:09:02:21:12:10:326,813471,813470,1
2018:09:02:21:12:10:425,813471,813470,1
2018:09:02:21:12:10:553,813471,813470,1
2018:09:02:21:12:10:694,813471,813470,1
2018:09:02:21:12:10:807,813470,813455,15
2018:09:02:21:12:10:956,813471,813470,1
2018:09:02:21:12:11:274,813497,813480,17
2018:09:02:21:12:11:401,813497,813480,17
2018:09:02:21:12:11:522,813477,813446,31
2018:09:02:21:12:11:684,813477,813446,31
2018:09:02:21:12:11:936,813466,813442,24
2018:09:02:21:12:12:053,813466,813442,24
2018:09:02:21:12:12:183,813465,813442,23
2018:09:02:21:12:12:291,813446,813443,3
2018:09:02:21:12:12:470,813446,813442,4
2018:09:02:21:12:12:614,813446,813442,4
2018:09:02:21:12:12:887,813443,813442,1
2018:09:02:21:12:13:022,813443,813442,1
2018:09:02:21:12:13:149,813443,813442,1
2018:09:02:21:12:13:306,813445,813443,2
2018:09:02:21:12:13:442,813445,813443,2
2018:09:02:21:12:13:592,813445,813443,2
2018:09:02:21:12:13:779,813444,813443,1
2018:09:02:21:12:13:949,813444,813443,1
2018:09:02:21:12:14:099,813444,813443,1
2018:09:02:21:12:14:240,813444,813443,1
2018:09:02:21:12:15:162,813443,813442,1
2018:09:02:21:12:15:326,813444,813442,2
2018:09:02:21:12:15:496,813443,813442,1
2018:09:02:21:12:15:601,813463,813443,20
2018:09:02:21:12:15:824,813463,813443,20
2018:09:02:21:12:15:934,813462,813456,6
2018:09:02:21:12:16:084,813462,813456,6
2018:09:02:21:12:16:279,813462,813444,18
2018:09:02:21:12:16:401,813459,813444,15
2018:09:02:21:12:16:515,813456,813444,12
2018:09:02:21:12:16:644,813456,813444,12
2018:09:02:21:12:16:745,813456,813444,12
2018:09:02:21:12:16:847,813456,813444,12
2018:09:02:21:12:16:954,813456,813445,11
2018:09:02:21:12:17:130,813456,813445,11
2018:09:02:21:12:17:310,813455,813448,7
2018:09:02:21:12:17:421,813455,813448,7
2018:09:02:21:12:17:541,813455,813448,7
2018:09:02:21:12:17:651,813455,813448,7
2018:09:02:21:12:17:780,813455,813451,4
2018:09:02:21:12:17:921,813448,813445,3
2018:09:02:21:12:18:043,813448,813446,2
2018:09:02:21:12:18:173,813448,813446,2
2018:09:02:21:12:18:276,813448,813446,2
2018:09:02:21:12:18:383,813448,813446,2
2018:09:02:21:12:18:518,813448,813435,13
2018:09:02:21:12:18:657,813445,813435,10
2018:09:02:21:12:18:854,813447,813435,12
2018:09:02:21:12:19:648,813447,813438,9
2018:09:02:21:12:19:823,813447,813441,6
2018:09:02:21:12:19:966,813447,813441,6
2018:09:02:21:12:20:312,813465,813441,24
2018:09:02:21:12:20:427,813447,813444,3
2018:09:02:21:12:20:541,813443,813435,8
2018:09:02:21:12:20:639,813465,813453,12
2018:09:02:21:12:20:785,813443,813435,8
2018:09:02:21:12:20:906,813465,813453,12
2018:09:02:21:12:21:171,813462,813444,18
2018:09:02:21:12:21:284,813462,813444,18
2018:09:02:21:12:21:386,813462,813444,18
2018:09:02:21:12:21:491,813462,813443,19
2018:09:02:21:12:21:591,813462,813443,19
2018:09:02:21:12:21:757,813459,813444,15
2018:09:02:21:12:21:872,813459,813444,15
2018:09:02:21:12:21:983,813456,813452,4
2018:09:02:21:12:22:086,813456,813452,4
2018:09:02:21:12:22:247,813456,813452,4
2018:09:02:21:12:22:538,813456,813452,4
2018:09:02:21:12:22:654,813465,813462,3
2018:09:02:21:12:22:772,813465,813462,3
2018:09:02:21:12:22:869,813464,813462,2
2018:09:02:21:12:22:972,813464,813462,2
2018:09:02:21:12:23:074,813464,813462,2
2018:09:02:21:12:23:187,813464,813462,2
2018:09:02:21:12:23:328,813464,813462,2
2018:09:02:21:12:23:438,813464,813462,2
2018:09:02:21:12:23:569,813464,813462,2
2018:09:02:21:12:23:714,813464,813462,2
2018:09:02:21:12:23:826,813462,813452,10
2018:09:02:21:12:23:951,813462,813452,10
2018:09:02:21:12:24:080,813461,813443,18
2018:09:02:21:12:24:350,813461,813443,18
2018:09:02:21:12:24:452,813461,813453,8
2018:09:02:21:12:24:552,813461,813453,8
2018:09:02:21:12:24:655,813461,813453,8
2018:09:02:21:12:24:770,813443,813401,42
2018:09:02:21:12:24:891,813443,813401,42
2018:09:02:21:12:24:996,813443,813401,42
2018:09:02:21:12:25:110,813414,813401,13
2018:09:02:21:12:25:251,813414,813404,10
2018:09:02:21:12:25:355,813414,813404,10
2018:09:02:21:12:25:471,813414,813404,10
2018:09:02:21:12:25:617,813414,813404,10
2018:09:02:21:12:25:743,813396,813394,2
2018:09:02:21:12:26:007,813386,813332,54
2018:09:02:21:12:26:128,813386,813332,54
2018:09:02:21:12:26:223,813344,813338,6
2018:09:02:21:12:26:613,813386,813332,54
2018:09:02:21:12:26:863,813344,813333,11
2018:09:02:21:12:26:967,813344,813333,11
2018:09:02:21:12:27:081,813344,813333,11
2018:09:02:21:12:27:189,813340,813339,1
2018:09:02:21:12:27:340,813340,813339,1
2018:09:02:21:12:27:525,813366,813333,33
2018:09:02:21:12:27:683,813337,813333,4
2018:09:02:21:12:27:797,813333,813332,1
2018:09:02:21:12:27:965,813337,813334,3
2018:09:02:21:12:28:100,813337,813334,3
2018:09:02:21:12:28:241,813337,813334,3
2018:09:02:21:12:28:338,813318,813301,17
2018:09:02:21:12:28:443,813318,813301,17
2018:09:02:21:12:28:543,813318,813301,17
2018:09:02:21:12:28:856,813322,813312,10
2018:09:02:21:12:28:963,813322,813312,10
2018:09:02:21:12:29:089,813322,813312,10
2018:09:02:21:12:29:193,813322,813312,10
2018:09:02:21:12:29:335,813322,813314,8
2018:09:02:21:12:29:581,813322,813315,7
2018:09:02:21:12:29:876,813388,813347,41
2018:09:02:21:12:29:981,813388,813347,41
2018:09:02:21:12:30:103,813388,813347,41
2018:09:02:21:12:30:207,813388,813347,41
2018:09:02:21:12:30:319,813388,813347,41
2018:09:02:21:12:30:412,813381,813350,31
2018:09:02:21:12:30:541,813381,813350,31
2018:09:02:21:12:30:672,813381,813350,31
2018:09:02:21:12:30:792,813381,813349,32
2018:09:02:21:12:30:912,813378,813350,28
2018:09:02:21:12:31:025,813378,813350,28
2018:09:02:21:12:31:124,813378,813354,24
2018:09:02:21:12:31:243,813378,813354,24
2018:09:02:21:12:31:336,813378,813350,28
2018:09:02:21:12:31:711,813378,813354,24
2018:09:02:21:12:31:817,813378,813354,24
2018:09:02:21:12:31:918,813378,813350,28
2018:09:02:21:12:32:029,813378,813354,24
2018:09:02:21:12:32:138,813368,813339,29
2018:09:02:21:12:32:252,813368,813339,29
2018:09:02:21:12:32:370,813368,813339,29
2018:09:02:21:12:32:473,813368,813339,29
2018:09:02:21:12:32:588,813365,813349,16
2018:09:02:21:12:32:699,813365,813349,16
2018:09:02:21:12:32:793,813322,813297,25
2018:09:02:21:12:32:916,813322,813297,25
2018:09:02:21:12:33:041,813316,813294,22
2018:09:02:21:12:33:257,813316,813294,22
2018:09:02:21:12:33:358,813316,813294,22
2018:09:02:21:12:33:489,813321,813294,27
2018:09:02:21:12:33:596,813322,813300,22
2018:09:02:21:12:33:729,813322,813300,22
2018:09:02:21:12:33:864,813322,813300,22
2018:09:02:21:12:33:986,813322,813300,22
2018:09:02:21:12:34:126,813312,813303,9
2018:09:02:21:12:34:269,813312,813303,9
2018:09:02:21:12:34:395,813312,813307,5
2018:09:02:21:12:34:512,813304,813250,54
2018:09:02:21:12:34:636,813304,813250,54
2018:09:02:21:12:34:977,813304,813250,54
2018:09:02:21:12:35:079,813304,813264,40
2018:09:02:21:12:35:262,813304,813298,6
2018:09:02:21:12:35:597,813304,813298,6
2018:09:02:21:12:35:758,813331,813308,23
2018:09:02:21:12:36:279,813330,813308,22
2018:09:02:21:12:36:499,813330,813309,21
2018:09:02:21:12:36:842,813310,813309,1
2018:09:02:21:12:37:392,813329,813311,18
2018:09:02:21:12:37:576,813326,813254,72
2018:09:02:21:12:37:696,813326,813254,72
2018:09:02:21:12:37:824,813326,813254,72
2018:09:02:21:12:37:956,813326,813254,72
2018:09:02:21:12:38:159,813323,813261,62
2018:09:02:21:12:38:273,813323,813268,55
2018:09:02:21:12:38:410,813303,813268,35
2018:09:02:21:12:38:541,813303,813268,35
2018:09:02:21:12:38:675,813303,813275,28
2018:09:02:21:12:38:804,813303,813275,28
2018:09:02:21:12:39:154,813303,813285,18
2018:09:02:21:12:39:252,813302,813285,17
2018:09:02:21:12:39:374,813302,813288,14
2018:09:02:21:12:39:524,813301,813288,13
2018:09:02:21:12:40:072,813301,813269,32
2018:09:02:21:12:40:810,813298,813269,29
2018:09:02:21:12:40:946,813298,813269,29
2018:09:02:21:12:41:108,813292,813285,7
2018:09:02:21:12:41:291,813292,813285,7
2018:09:02:21:12:41:435,813292,813285,7
2018:09:02:21:12:41:542,813292,813285,7
2018:09:02:21:12:41:661,813292,813285,7
2018:09:02:21:12:41:835,813292,813285,7
2018:09:02:21:12:41:967,813292,813285,7
2018:09:02:21:12:43:061,813187,813185,2
2018:09:02:21:12:43:203,813179,813174,5
2018:09:02:21:12:43:362,813179,813174,5
2018:09:02:21:12:43:477,813172,813132,40
2018:09:02:21:12:43:582,813172,813132,40
2018:09:02:21:12:43:775,813183,813176,7
2018:09:02:21:12:43:918,813179,813176,3
2018:09:02:21:12:44:042,813179,813176,3
2018:09:02:21:12:44:184,813176,813140,36
2018:09:02:21:12:44:298,813176,813116,60
2018:09:02:21:12:44:436,813173,813142,31
2018:09:02:21:12:44:600,813169,813142,27
2018:09:02:21:12:44:801,813169,813142,27
2018:09:02:21:12:44:996,813169,813142,27
2018:09:02:21:12:45:130,813169,813142,27
2018:09:02:21:12:45:282,813169,813104,65
2018:09:02:21:12:45:496,813169,813104,65
2018:09:02:21:12:46:141,813153,813117,36
2018:09:02:21:12:46:413,813131,813111,20
2018:09:02:21:12:46:787,813131,813120,11
2018:09:02:21:12:47:296,813130,813120,10
2018:09:02:21:12:47:974,813141,813093,48
2018:09:02:21:12:48:598,813127,813091,36
2018:09:02:21:12:49:047,813083,813070,13
2018:09:02:21:12:49:222,813074,813070,4
2018:09:02:21:12:49:354,813074,813070,4
2018:09:02:21:12:49:504,813074,813070,4
2018:09:02:21:12:50:656,813015,813014,1
2018:09:02:21:12:50:781,813057,813014,43
2018:09:02:21:12:50:902,813054,813017,37
2018:09:02:21:12:51:011,813038,813027,11
2018:09:02:21:12:51:156,813038,813027,11
2018:09:02:21:12:51:287,813038,813027,11
2018:09:02:21:12:51:401,813038,813027,11
2018:09:02:21:12:51:508,813038,813027,11
2018:09:02:21:12:51:609,813038,813027,11
2018:09:02:21:12:51:745,813038,813027,11
2018:09:02:21:12:52:730,813068,813018,50
2018:09:02:21:12:52:957,813068,813018,50
2018:09:02:21:12:53:049,813059,813025,34
2018:09:02:21:12:53:147,813068,813025,43
2018:09:02:21:12:53:290,813059,813025,34
2018:09:02:21:12:53:406,813059,813025,34
2018:09:02:21:12:53:507,813059,813025,34
2018:09:02:21:12:53:628,813059,813025,34
2018:09:02:21:12:53:738,813059,813025,34
2018:09:02:21:12:53:849,813059,813025,34
2018:09:02:21:12:53:974,813059,813025,34
2018:09:02:21:12:54:128,813025,813020,5
2018:09:02:21:12:54:325,813025,813016,9
2018:09:02:21:12:54:495,813025,813016,9
2018:09:02:21:12:54:602,813025,813023,2
2018:09:02:21:12:54:759,813025,813023,2
2018:09:02:21:12:54:895,813025,813023,2
2018:09:02:21:12:55:053,813025,813023,2
2018:09:02:21:12:55:174,813023,813000,23
2018:09:02:21:12:55:308,813022,813001,21
2018:09:02:21:12:55:406,813023,813000,23
2018:09:02:21:12:55:520,813023,813014,9
2018:09:02:21:12:55:648,813023,813014,9
2018:09:02:21:12:56:004,813023,813014,9
2018:09:02:21:12:56:149,813022,813017,5
2018:09:02:21:12:56:267,813014,813000,14
2018:09:02:21:12:56:384,813014,813000,14
2018:09:02:21:12:56:523,813014,813000,14
2018:09:02:21:12:56:651,813014,813000,14
2018:09:02:21:12:56:797,813014,813001,13
2018:09:02:21:12:56:929,813014,813000,14
2018:09:02:21:12:57:044,813014,813001,13
2018:09:02:21:12:57:159,813004,813001,3
2018:09:02:21:12:57:276,813004,813001,3
2018:09:02:21:12:57:406,813004,813001,3
2018:09:02:21:12:57:514,813022,813001,21
2018:09:02:21:12:57:674,813022,813017,5
2018:09:02:21:12:57:948,813022,813001,21
2018:09:02:21:12:59:431,813008,813000,8
2018:09:02:21:13:00:766,813019,813010,9
2018:09:02:21:13:00:896,813019,813010,9
2018:09:02:21:13:01:029,813045,813032,13
2018:09:02:21:13:01:221,813045,813032,13
2018:09:02:21:13:01:360,813045,813032,13
2018:09:02:21:13:01:774,813045,813032,13
2018:09:02:21:13:01:942,813121,813041,80
2018:09:02:21:13:03:003,813110,813055,55
2018:09:02:21:13:03:204,813099,813056,43
2018:09:02:21:13:03:387,813150,813123,27
2018:09:02:21:13:03:576,813150,813147,3
2018:09:02:21:13:03:740,813150,813147,3
2018:09:02:21:13:03:917,813154,813148,6
2018:09:02:21:13:04:137,813156,813148,8
2018:09:02:21:13:04:262,813156,813150,6
2018:09:02:21:13:04:452,813156,813150,6
2018:09:02:21:13:05:668,813160,813155,5
2018:09:02:21:13:05:808,813160,813155,5
2018:09:02:21:13:05:983,813176,813155,21
2018:09:02:21:13:06:129,813160,813155,5
2018:09:02:21:13:06:263,813182,813156,26
2018:09:02:21:13:06:404,813182,813150,32
2018:09:02:21:13:07:976,813182,813150,32
2018:09:02:21:13:08:126,813202,813200,2
2018:09:02:21:13:08:262,813202,813200,2
2018:09:02:21:13:08:403,813367,813366,1
2018:09:02:21:13:08:678,813367,813366,1
2018:09:02:21:13:08:827,813384,813366,18
2018:09:02:21:13:09:038,813384,813366,18
2018:09:02:21:13:09:609,813384,813366,18
2018:09:02:21:13:10:821,813384,813366,18
2018:09:02:21:13:11:712,813484,813384,100
2018:09:02:21:13:11:923,813582,813550,32
2018:09:02:21:13:12:089,813584,813571,13
2018:09:02:21:13:12:280,813584,813571,13
2018:09:02:21:13:13:101,813584,813572,12
2018:09:02:21:13:14:026,813770,813607,163
2018:09:02:21:13:14:253,813655,813623,32
2018:09:02:21:13:14:404,813641,813596,45
2018:09:02:21:13:14:573,813641,813591,50
2018:09:02:21:13:14:799,813641,813574,67
2018:09:02:21:13:14:979,813631,813596,35
2018:09:02:21:13:15:229,813628,813599,29
2018:09:02:21:13:15:423,813628,813599,29
2018:09:02:21:13:15:728,813628,813599,29
2018:09:02:21:13:16:211,813754,813720,34
2018:09:02:21:13:16:433,813754,813695,59
2018:09:02:21:13:16:713,813754,813695,59
2018:09:02:21:13:16:853,813698,813695,3
2018:09:02:21:13:16:989,813698,813695,3
2018:09:02:21:13:17:119,813698,813695,3
2018:09:02:21:13:17:256,813660,813643,17
2018:09:02:21:13:17:420,813660,813643,17
2018:09:02:21:13:17:541,813660,813643,17
2018:09:02:21:13:17:710,813649,813644,5
2018:09:02:21:13:17:887,813727,813643,84
2018:09:02:21:13:18:023,813727,813643,84
2018:09:02:21:13:18:224,813648,813614,34
2018:09:02:21:13:18:369,813648,813614,34
2018:09:02:21:13:18:504,813648,813647,1
2018:09:02:21:13:18:682,813696,813651,45
2018:09:02:21:13:18:806,813696,813651,45
2018:09:02:21:13:18:946,813696,813651,45
2018:09:02:21:13:19:091,813645,813601,44
2018:09:02:21:13:19:234,813626,813615,11
2018:09:02:21:13:19:471,813626,813615,11
2018:09:02:21:13:19:610,813647,813543,104
2018:09:02:21:13:19:740,813635,813604,31
2018:09:02:21:13:19:882,813624,813606,18
2018:09:02:21:13:20:020,813624,813606,18
2018:09:02:21:13:20:172,813624,813606,18
2018:09:02:21:13:20:293,813625,813606,19
2018:09:02:21:13:20:450,813600,813534,66
2018:09:02:21:13:20:571,813625,813616,9
2018:09:02:21:13:20:690,813625,813616,9
2018:09:02:21:13:20:816,813630,813627,3
2018:09:02:21:13:20:945,813630,813627,3
2018:09:02:21:13:21:055,813630,813627,3
2018:09:02:21:13:21:507,813630,813627,3
2018:09:02:21:13:21:768,813627,813607,20
2018:09:02:21:13:22:074,813714,813663,51
2018:09:02:21:13:22:240,813695,813663,32
2018:09:02:21:13:22:743,813751,813684,67
2018:09:02:21:13:22:868,813751,813694,57
2018:09:02:21:13:22:975,813738,813684,54
2018:09:02:21:13:23:090,813751,813684,67
2018:09:02:21:13:23:195,813738,813684,54
2018:09:02:21:13:23:340,813738,813684,54
2018:09:02:21:13:23:462,813738,813684,54
2018:09:02:21:13:23:570,813738,813684,54
2018:09:02:21:13:23:710,813738,813684,54
2018:09:02:21:13:23:815,813738,813684,54
2018:09:02:21:13:23:917,813738,813684,54
2018:09:02:21:13:24:046,813738,813684,54
2018:09:02:21:13:24:188,813738,813684,54
2018:09:02:21:13:24:324,813750,813694,56
2018:09:02:21:13:24:420,813750,813694,56
2018:09:02:21:13:24:527,813810,813750,60
2018:09:02:21:13:24:656,813750,813694,56
2018:09:02:21:13:25:019,813795,813750,45
2018:09:02:21:13:25:162,813871,813820,51
2018:09:02:21:13:25:286,813845,813800,45
2018:09:02:21:13:25:413,813845,813810,35
2018:09:02:21:13:25:697,813908,813900,8
2018:09:02:21:13:25:883,813916,813845,71
2018:09:02:21:13:26:382,813893,813800,93
2018:09:02:21:13:26:627,813890,813847,43
2018:09:02:21:13:26:779,813886,813847,39
2018:09:02:21:13:26:928,813886,813847,39
2018:09:02:21:13:27:069,813886,813847,39
2018:09:02:21:13:27:203,813885,813847,38
2018:09:02:21:13:27:337,813885,813850,35
2018:09:02:21:13:27:697,813878,813848,30
2018:09:02:21:13:27:821,813857,813853,4
2018:09:02:21:13:27:936,813878,813853,25
2018:09:02:21:13:28:073,813857,813856,1
2018:09:02:21:13:28:194,813857,813856,1
2018:09:02:21:13:28:312,813854,813848,6
2018:09:02:21:13:28:439,813857,813848,9
2018:09:02:21:13:28:584,813857,813848,9
2018:09:02:21:13:28:706,813857,813848,9
2018:09:02:21:13:28:839,813881,813848,33
2018:09:02:21:13:28:971,813881,813848,33
2018:09:02:21:13:29:108,813859,813846,13
2018:09:02:21:13:29:219,813859,813846,13
2018:09:02:21:13:29:335,813859,813853,6
2018:09:02:21:13:29:608,813856,813853,3
2018:09:02:21:13:29:742,813858,813853,5
2018:09:02:21:13:29:848,813885,813853,32
2018:09:02:21:13:29:953,813858,813856,2
2018:09:02:21:13:30:127,813858,813853,5
2018:09:02:21:13:30:249,813858,813857,1
2018:09:02:21:13:30:371,813858,813856,2
2018:09:02:21:13:30:500,813858,813853,5
2018:09:02:21:13:30:628,813858,813853,5
2018:09:02:21:13:30:773,813891,813853,38
2018:09:02:21:13:30:897,813857,813808,49
2018:09:02:21:13:31:239,813891,813853,38
2018:09:02:21:13:31:404,813897,813811,86
2018:09:02:21:13:31:544,813854,813839,15
2018:09:02:21:13:31:719,813854,813839,15
2018:09:02:21:13:31:886,813880,813843,37
2018:09:02:21:13:32:079,813880,813843,37
2018:09:02:21:13:32:185,813880,813843,37
2018:09:02:21:13:32:313,813851,813849,2
2018:09:02:21:13:32:422,813851,813849,2
2018:09:02:21:13:32:544,813851,813849,2
2018:09:02:21:13:32:709,813891,813856,35
2018:09:02:21:13:33:081,813891,813856,35
2018:09:02:21:13:33:373,813891,813856,35
2018:09:02:21:13:33:486,813870,813867,3
2018:09:02:21:13:33:594,813884,813867,17
2018:09:02:21:13:33:750,813884,813867,17
2018:09:02:21:13:33:916,813884,813867,17
2018:09:02:21:13:34:061,813869,813850,19
2018:09:02:21:13:34:205,813869,813850,19
2018:09:02:21:13:34:364,813874,813850,24
2018:09:02:21:13:34:499,813874,813850,24
2018:09:02:21:13:34:607,813874,813812,62
2018:09:02:21:13:34:816,813874,813849,25
2018:09:02:21:13:35:550,813871,813869,2
2018:09:02:21:13:35:745,813908,813900,8
2018:09:02:21:13:35:885,813908,813900,8
2018:09:02:21:13:36:036,813870,813856,14
2018:09:02:21:13:36:243,813865,813863,2
2018:09:02:21:13:36:345,813865,813863,2
2018:09:02:21:13:36:470,813865,813862,3
2018:09:02:21:13:36:578,813865,813862,3
2018:09:02:21:13:37:029,813865,813862,3
2018:09:02:21:13:37:163,813865,813862,3
2018:09:02:21:13:37:274,813865,813862,3
2018:09:02:21:13:37:514,813855,813588,267
2018:09:02:21:13:37:892,813822,813552,270
2018:09:02:21:13:38:066,813766,813739,27
2018:09:02:21:13:38:196,813766,813739,27
2018:09:02:21:13:38:337,813841,813702,139
2018:09:02:21:13:38:502,813766,813739,27
2018:09:02:21:13:38:619,813718,813601,117
2018:09:02:21:13:38:776,813718,813601,117
2018:09:02:21:13:38:943,813669,813668,1
2018:09:02:21:13:39:225,813669,813668,1
2018:09:02:21:13:39:369,813688,813543,145
2018:09:02:21:13:39:653,813669,813543,126
2018:09:02:21:13:39:785,813782,813714,68
2018:09:02:21:13:39:903,813782,813714,68
2018:09:02:21:13:40:053,813719,813668,51
2018:09:02:21:13:40:204,813681,813546,135
2018:09:02:21:13:40:351,813575,813558,17
2018:09:02:21:13:40:516,813575,813565,10
2018:09:02:21:13:40:649,813575,813572,3
2018:09:02:21:13:40:794,813575,813572,3
2018:09:02:21:13:40:942,813662,813572,90
2018:09:02:21:13:41:093,813662,813572,90
2018:09:02:21:13:41:224,813662,813572,90
2018:09:02:21:13:41:396,813662,813572,90
2018:09:02:21:13:41:648,813574,813557,17
2018:09:02:21:13:42:055,813574,813566,8
2018:09:02:21:13:42:170,813574,813566,8
2018:09:02:21:13:42:298,813891,813566,325
2018:09:02:21:13:42:504,813574,813566,8
2018:09:02:21:13:42:644,813633,813577,56
2018:09:02:21:13:42:822,813760,813690,70
2018:09:02:21:13:43:010,813760,813690,70
2018:09:02:21:13:43:166,813760,813690,70
2018:09:02:21:13:43:297,813781,813613,168
2018:09:02:21:13:43:430,813781,813613,168
2018:09:02:21:13:43:576,813781,813613,168
2018:09:02:21:13:43:726,813658,813629,29
2018:09:02:21:13:43:908,813707,813629,78
2018:09:02:21:13:44:028,813707,813629,78
2018:09:02:21:13:44:202,813755,813630,125
2018:09:02:21:13:44:510,813755,813630,125
2018:09:02:21:13:44:641,813750,813675,75
2018:09:02:21:13:44:802,813750,813675,75
2018:09:02:21:13:45:834,813686,813681,5
2018:09:02:21:13:46:068,813706,813703,3
2018:09:02:21:13:46:398,813861,813847,14
2018:09:02:21:13:46:589,813829,813738,91
2018:09:02:21:13:46:750,813829,813738,91
2018:09:02:21:13:46:887,813829,813738,91
2018:09:02:21:13:47:011,813851,813850,1
2018:09:02:21:13:47:133,813851,813850,1
2018:09:02:21:13:47:288,813851,813850,1
2018:09:02:21:13:47:397,813851,813676,175
2018:09:02:21:13:47:526,813843,813748,95
2018:09:02:21:13:47:658,813783,813764,19
2018:09:02:21:13:47:820,813783,813764,19
2018:09:02:21:13:47:948,813783,813764,19
2018:09:02:21:13:48:067,813783,813764,19
2018:09:02:21:13:48:218,813783,813764,19
2018:09:02:21:13:48:384,813833,813774,59
2018:09:02:21:13:48:558,813833,813774,59
2018:09:02:21:13:48:723,813815,813774,41
2018:09:02:21:13:49:064,813815,813774,41
2018:09:02:21:13:49:211,813805,813781,24
2018:09:02:21:13:49:359,813834,813768,66
2018:09:02:21:13:49:494,813834,813768,66
2018:09:02:21:13:49:631,813822,813784,38
2018:09:02:21:13:49:789,813822,813784,38
2018:09:02:21:13:49:919,813822,813784,38
2018:09:02:21:13:50:079,813822,813736,86
2018:09:02:21:13:50:240,813822,813736,86
2018:09:02:21:13:50:404,813819,813684,135
2018:09:02:21:13:50:788,813819,813684,135
2018:09:02:21:13:51:924,813715,813704,11
2018:09:02:21:13:52:070,813750,813711,39
2018:09:02:21:13:52:189,813750,813711,39
2018:09:02:21:13:52:334,813752,813711,41
2018:09:02:21:13:52:497,813751,813711,40
2018:09:02:21:13:52:966,813824,813722,102
2018:09:02:21:13:53:159,813766,813725,41
2018:09:02:21:13:53:278,813766,813725,41
2018:09:02:21:13:53:429,813766,813722,44
2018:09:02:21:13:53:614,813766,813722,44
2018:09:02:21:13:53:766,813766,813730,36
2018:09:02:21:13:53:934,813766,813734,32
2018:09:02:21:13:54:076,813760,813734,26
2018:09:02:21:13:54:429,813760,813734,26
2018:09:02:21:13:55:679,813757,813730,27
2018:09:02:21:13:55:820,813753,813737,16
2018:09:02:21:13:55:987,813751,813737,14
2018:09:02:21:13:56:119,813751,813737,14
2018:09:02:21:13:58:849,813751,813737,14
2018:09:02:21:13:59:060,813734,813714,20
2018:09:02:21:13:59:246,813816,813732,84
2018:09:02:21:13:59:366,813842,813732,110
2018:09:02:21:13:59:546,813816,813732,84
2018:09:02:21:13:59:676,813807,813779,28
2018:09:02:21:13:59:848,813808,813754,54
2018:09:02:21:14:00:017,813808,813754,54
2018:09:02:21:14:00:147,813849,813761,88
2018:09:02:21:14:00:279,813849,813761,88
2018:09:02:21:14:00:459,813846,813757,89
2018:09:02:21:14:00:628,813846,813757,89
2018:09:02:21:14:01:661,813842,813783,59
2018:09:02:21:14:01:788,813842,813787,55
2018:09:02:21:14:01:961,813842,813787,55
2018:09:02:21:14:02:165,813800,813797,3
2018:09:02:21:14:02:338,813800,813797,3
2018:09:02:21:14:02:465,813800,813797,3
2018:09:02:21:14:02:693,813800,813797,3
2018:09:02:21:14:03:729,813841,813799,42
2018:09:02:21:14:03:943,813841,813802,39
2018:09:02:21:14:04:059,813841,813802,39
2018:09:02:21:14:04:174,813841,813803,38
2018:09:02:21:14:04:357,813841,813803,38
2018:09:02:21:14:04:686,813891,813808,83
2018:09:02:21:14:06:313,813873,813829,44
2018:09:02:21:14:06:463,813892,813842,50
2018:09:02:21:14:06:607,813892,813842,50
2018:09:02:21:14:06:746,813892,813843,49
2018:09:02:21:14:06:854,813900,813846,54
2018:09:02:21:14:07:006,813900,813846,54
2018:09:02:21:14:07:159,813878,813846,32
2018:09:02:21:14:07:306,813843,813814,29
2018:09:02:21:14:07:467,813827,813813,14
2018:09:02:21:14:07:622,813900,813850,50
2018:09:02:21:14:07:726,813883,813850,33
2018:09:02:21:14:07:908,813883,813850,33
2018:09:02:21:14:08:093,813878,813853,25
2018:09:02:21:14:08:251,813878,813857,21
2018:09:02:21:14:08:416,813882,813857,25
2018:09:02:21:14:09:595,813882,813857,25
2018:09:02:21:14:09:758,813879,813872,7
2018:09:02:21:14:09:941,813872,813827,45
2018:09:02:21:14:10:061,813820,813815,5
2018:09:02:21:14:10:231,813820,813815,5
2018:09:02:21:14:10:377,813819,813816,3
2018:09:02:21:14:10:576,813819,813816,3
2018:09:02:21:14:10:772,813819,813818,1
2018:09:02:21:14:10:947,813899,813818,81
2018:09:02:21:14:11:216,813899,813818,81
2018:09:02:21:14:11:373,813899,813815,84
2018:09:02:21:14:11:527,813899,813762,137
2018:09:02:21:14:12:688,813882,813828,54
2018:09:02:21:14:12:824,813800,813774,26
2018:09:02:21:14:13:011,813797,813774,23
2018:09:02:21:14:13:155,813800,813774,26
2018:09:02:21:14:13:291,813800,813774,26
2018:09:02:21:14:13:600,813800,813774,26
2018:09:02:21:14:13:797,813750,813737,13
2018:09:02:21:14:13:931,813749,813747,2
2018:09:02:21:14:15:106,813750,813749,1
2018:09:02:21:14:15:254,813784,813768,16
2018:09:02:21:14:15:726,813784,813766,18
2018:09:02:21:14:15:831,813779,813764,15
2018:09:02:21:14:15:947,813781,813763,18
2018:09:02:21:14:16:049,813779,813770,9
2018:09:02:21:14:16:152,813779,813770,9
2018:09:02:21:14:16:296,813779,813770,9
2018:09:02:21:14:16:389,813779,813770,9
2018:09:02:21:14:16:500,813793,813773,20
2018:09:02:21:14:16:695,813793,813773,20
2018:09:02:21:14:16:846,813799,813785,14
2018:09:02:21:14:16:953,813796,813785,11
2018:09:02:21:14:17:367,813799,813785,14
2018:09:02:21:14:17:536,813815,813814,1
2018:09:02:21:14:17:735,813805,813800,5
2018:09:02:21:14:17:854,813805,813800,5
2018:09:02:21:14:17:971,813805,813800,5
2018:09:02:21:14:18:116,813805,813800,5
2018:09:02:21:14:18:220,813805,813800,5
2018:09:02:21:14:18:337,813825,813800,25
2018:09:02:21:14:18:445,813825,813800,25
2018:09:02:21:14:18:563,813825,813800,25
2018:09:02:21:14:18:714,813841,813814,27
2018:09:02:21:14:18:838,813841,813814,27
2018:09:02:21:14:18:963,813843,813817,26
2018:09:02:21:14:19:094,813843,813817,26
2018:09:02:21:14:19:210,813833,813820,13
2018:09:02:21:14:19:358,813838,813820,18
2018:09:02:21:14:20:356,813838,813820,18
2018:09:02:21:14:20:540,813863,813839,24
2018:09:02:21:14:20:669,813876,813849,27
2018:09:02:21:14:20:801,813876,813849,27
2018:09:02:21:14:20:928,813876,813849,27
2018:09:02:21:14:21:035,813876,813849,27
2018:09:02:21:14:21:152,813900,813868,32
2018:09:02:21:14:21:303,813900,813868,32
2018:09:02:21:14:21:442,813900,813859,41
2018:09:02:21:14:21:603,813899,813849,50
2018:09:02:21:14:21:742,813897,813887,10
2018:09:02:21:14:21:910,813896,813887,9
2018:09:02:21:14:22:025,813896,813887,9
2018:09:02:21:14:22:151,813896,813887,9
2018:09:02:21:14:22:315,813894,813890,4
2018:09:02:21:14:22:486,813894,813890,4
2018:09:02:21:14:22:812,813894,813850,44
2018:09:02:21:14:22:968,813873,813798,75
2018:09:02:21:14:23:117,813873,813798,75
2018:09:02:21:14:23:228,813873,813807,66
2018:09:02:21:14:23:333,813867,813836,31
2018:09:02:21:14:23:484,813867,813809,58
2018:09:02:21:14:23:626,813867,813836,31
2018:09:02:21:14:23:783,813857,813817,40
2018:09:02:21:14:23:902,813851,813837,14
2018:09:02:21:14:24:008,813851,813837,14
2018:09:02:21:14:24:159,813857,813798,59
2018:09:02:21:14:24:404,813858,813835,23
2018:09:02:21:14:24:540,813851,813815,36
2018:09:02:21:14:24:990,813837,813810,27
2018:09:02:21:14:25:153,813837,813810,27
2018:09:02:21:14:25:309,813834,813810,24
2018:09:02:21:14:25:624,813834,813810,24
2018:09:02:21:14:25:913,813837,813805,32
2018:09:02:21:14:26:062,813858,813838,20
2018:09:02:21:14:26:182,813858,813850,8
2018:09:02:21:14:26:309,813858,813838,20
2018:09:02:21:14:26:474,813883,813838,45
2018:09:02:21:14:26:929,813843,813838,5
2018:09:02:21:14:27:051,813883,813879,4
2018:09:02:21:14:27:179,813883,813853,30
2018:09:02:21:14:27:315,813883,813853,30
2018:09:02:21:14:27:430,813883,813853,30
2018:09:02:21:14:27:531,813900,813856,44
2018:09:02:21:14:27:656,813893,813853,40
2018:09:02:21:14:27:760,813893,813853,40
2018:09:02:21:14:27:866,813893,813839,54
2018:09:02:21:14:28:001,813886,813839,47
2018:09:02:21:14:28:121,813893,813839,54
2018:09:02:21:14:28:232,813882,813857,25
2018:09:02:21:14:28:345,813882,813857,25
2018:09:02:21:14:28:476,813863,813857,6
2018:09:02:21:14:28:756,813863,813838,25
2018:09:02:21:14:28:874,813863,813838,25
2018:09:02:21:14:28:990,813863,813838,25
2018:09:02:21:14:29:098,813863,813839,24
2018:09:02:21:14:29:241,813860,813838,22
2018:09:02:21:14:29:343,813857,813849,8
2018:09:02:21:14:29:445,813857,813849,8
2018:09:02:21:14:29:591,813857,813849,8
2018:09:02:21:14:29:713,813856,813838,18
2018:09:02:21:14:29:826,813828,813818,10
2018:09:02:21:14:29:940,813828,813818,10
2018:09:02:21:14:30:062,813828,813818,10
2018:09:02:21:14:30:214,813828,813818,10
2018:09:02:21:14:30:343,813823,813812,11
2018:09:02:21:14:30:688,813823,813822,1
2018:09:02:21:14:30:834,813827,813823,4
2018:09:02:21:14:30:940,813827,813823,4
2018:09:02:21:14:31:866,813827,813823,4
2018:09:02:21:14:31:960,813827,813824,3
2018:09:02:21:14:32:357,813827,813824,3
2018:09:02:21:14:32:453,813827,813824,3
2018:09:02:21:14:32:553,813827,813811,16
2018:09:02:21:14:32:661,813827,813811,16
2018:09:02:21:14:32:804,813827,813811,16
2018:09:02:21:14:33:033,813814,813811,3
2018:09:02:21:14:33:137,813814,813813,1
2018:09:02:21:14:33:233,813814,813813,1
2018:09:02:21:14:33:336,813827,813814,13
2018:09:02:21:14:33:464,813827,813822,5
2018:09:02:21:14:33:583,813827,813822,5
2018:09:02:21:14:33:687,813827,813822,5
2018:09:02:21:14:33:828,813827,813822,5
2018:09:02:21:14:33:947,813844,813824,20
2018:09:02:21:14:34:084,813844,813813,31
2018:09:02:21:14:34:201,813844,813813,31
2018:09:02:21:14:34:331,813814,813813,1
2018:09:02:21:14:34:448,813814,813813,1
2018:09:02:21:14:34:550,813814,813813,1
2018:09:02:21:14:34:690,813814,813813,1
2018:09:02:21:14:34:829,813814,813736,78
2018:09:02:21:14:35:147,813814,813736,78
2018:09:02:21:14:35:275,813814,813736,78
2018:09:02:21:14:35:543,813814,813643,171
2018:09:02:21:14:35:683,813814,813643,171
2018:09:02:21:14:36:805,813779,813479,300
2018:09:02:21:14:36:948,813568,813381,187
2018:09:02:21:14:37:106,813568,813456,112
2018:09:02:21:14:37:226,813568,813381,187
2018:09:02:21:14:37:356,813455,813381,74
2018:09:02:21:14:37:517,813455,813381,74
2018:09:02:21:14:37:645,813455,813381,74
2018:09:02:21:14:37:812,813543,813386,157
2018:09:02:21:14:38:059,813565,813522,43
2018:09:02:21:14:38:181,813534,813522,12
2018:09:02:21:14:38:304,813534,813522,12
2018:09:02:21:14:38:586,813534,813522,12
2018:09:02:21:14:38:712,813534,813522,12
2018:09:02:21:14:38:839,813534,813487,47
2018:09:02:21:14:38:934,813534,813487,47
2018:09:02:21:14:39:035,813534,813487,47
2018:09:02:21:14:39:176,813534,813497,37
2018:09:02:21:14:39:283,813534,813497,37
2018:09:02:21:14:39:538,813534,813497,37
2018:09:02:21:14:39:688,813534,813472,62
2018:09:02:21:14:39:821,813534,813472,62
2018:09:02:21:14:39:953,813524,813382,142
2018:09:02:21:14:40:068,813524,813382,142
2018:09:02:21:14:40:191,813524,813382,142
2018:09:02:21:14:40:356,813524,813382,142
2018:09:02:21:14:40:554,813524,813522,2
2018:09:02:21:14:40:658,813531,813522,9
2018:09:02:21:14:40:788,813522,813347,175
2018:09:02:21:14:40:897,813522,813491,31
2018:09:02:21:14:41:000,813522,813491,31
2018:09:02:21:14:41:107,813514,813410,104
2018:09:02:21:14:41:215,813514,813410,104
2018:09:02:21:14:41:327,813514,813410,104
2018:09:02:21:14:41:587,813489,813484,5
2018:09:02:21:14:41:711,813489,813485,4
2018:09:02:21:14:41:809,813500,813485,15
2018:09:02:21:14:41:971,813496,813485,11
2018:09:02:21:14:42:085,813496,813485,11
2018:09:02:21:14:42:215,813496,813485,11
2018:09:02:21:14:42:318,813496,813485,11
2018:09:02:21:14:42:439,813489,813480,9
2018:09:02:21:14:42:618,813489,813480,9
2018:09:02:21:14:42:807,813489,813480,9
2018:09:02:21:14:43:109,813484,813411,73
2018:09:02:21:14:43:224,813488,813486,2
2018:09:02:21:14:43:345,813501,813486,15
2018:09:02:21:14:43:452,813501,813486,15
2018:09:02:21:14:43:551,813501,813486,15
2018:09:02:21:14:43:677,813513,813486,27
2018:09:02:21:14:43:846,813501,813486,15
2018:09:02:21:14:43:996,813533,813457,76
2018:09:02:21:14:44:122,813533,813457,76
2018:09:02:21:14:44:251,813533,813348,185
2018:09:02:21:14:44:674,813500,813498,2
2018:09:02:21:14:44:854,813517,813492,25
2018:09:02:21:14:45:047,813517,813492,25
2018:09:02:21:14:45:180,813517,813460,57
2018:09:02:21:14:45:299,813517,813460,57
2018:09:02:21:14:45:432,813517,813460,57
2018:09:02:21:14:45:591,813516,813499,17
2018:09:02:21:14:45:707,813516,813499,17
2018:09:02:21:14:47:388,813516,813499,17
2018:09:02:21:14:47:574,813511,813510,1
2018:09:02:21:14:47:714,813469,813468,1
2018:09:02:21:14:47:836,813440,813410,30
2018:09:02:21:14:47:998,813440,813410,30
2018:09:02:21:14:48:144,813487,813484,3
2018:09:02:21:14:48:301,813515,813486,29
2018:09:02:21:14:48:443,813487,813402,85
2018:09:02:21:14:48:564,813466,813419,47
2018:09:02:21:14:48:691,813466,813419,47
2018:09:02:21:14:48:801,813431,813419,12
2018:09:02:21:14:48:924,813431,813411,20
2018:09:02:21:14:49:042,813474,813435,39
2018:09:02:21:14:49:149,813474,813435,39
2018:09:02:21:14:49:281,813459,813424,35
2018:09:02:21:14:49:426,813428,813427,1
2018:09:02:21:14:49:560,813459,813424,35
2018:09:02:21:14:49:699,813459,813425,34
2018:09:02:21:14:49:823,813459,813425,34
2018:09:02:21:14:49:986,813459,813437,22
2018:09:02:21:14:50:286,813452,813437,15
2018:09:02:21:14:50:392,813452,813437,15
2018:09:02:21:14:50:518,813452,813445,7
2018:09:02:21:14:50:652,813499,813497,2
2018:09:02:21:14:50:775,813499,813497,2
2018:09:02:21:14:50:888,813499,813497,2
2018:09:02:21:14:51:018,813499,813497,2
2018:09:02:21:14:51:160,813499,813437,62
2018:09:02:21:14:51:288,813499,813437,62
2018:09:02:21:14:51:421,813499,813437,62
2018:09:02:21:14:51:554,813499,813437,62
2018:09:02:21:14:51:690,813499,813437,62
2018:09:02:21:14:52:039,813507,813451,56
2018:09:02:21:14:52:153,813507,813445,62
2018:09:02:21:14:52:281,813507,813451,56
2018:09:02:21:14:52:404,813499,813493,6
2018:09:02:21:14:52:524,813499,813493,6
2018:09:02:21:14:52:640,813499,813493,6
2018:09:02:21:14:52:753,813499,813493,6
2018:09:02:21:14:52:876,813499,813493,6
2018:09:02:21:14:53:008,813493,813487,6
2018:09:02:21:14:53:152,813500,813496,4
2018:09:02:21:14:53:268,813551,813496,55
2018:09:02:21:14:53:608,813551,813496,55
2018:09:02:21:14:53:758,813515,813514,1
2018:09:02:21:14:53:886,813540,813510,30
2018:09:02:21:14:53:991,813540,813510,30
2018:09:02:21:14:54:083,813540,813516,24
2018:09:02:21:14:54:203,813540,813516,24
2018:09:02:21:14:54:301,813540,813516,24
2018:09:02:21:14:54:421,813552,813516,36
2018:09:02:21:14:54:542,813547,813517,30
2018:09:02:21:14:54:677,813547,813517,30
2018:09:02:21:14:54:770,813560,813527,33
2018:09:02:21:14:54:874,813554,813519,35
2018:09:02:21:14:55:001,813560,813527,33
2018:09:02:21:14:55:098,813553,813527,26
2018:09:02:21:14:55:225,813553,813527,26
2018:09:02:21:14:55:351,813553,813527,26
2018:09:02:21:14:55:830,813553,813530,23
2018:09:02:21:14:55:952,813550,813528,22
2018:09:02:21:14:56:051,813550,813528,22
2018:09:02:21:14:56:166,813550,813528,22
2018:09:02:21:14:56:266,813553,813528,25
2018:09:02:21:14:56:375,813547,813529,18
2018:09:02:21:14:56:482,813547,813529,18
2018:09:02:21:14:56:603,813547,813529,18
2018:09:02:21:14:56:769,813547,813529,18
2018:09:02:21:14:56:955,813547,813529,18
2018:09:02:21:14:57:078,813563,813530,33
2018:09:02:21:14:57:346,813563,813530,33
2018:09:02:21:14:57:495,813563,813532,31
2018:09:02:21:14:57:834,813552,813535,17
2018:09:02:21:14:57:952,813552,813535,17
2018:09:02:21:14:58:049,813552,813535,17
2018:09:02:21:14:58:157,813565,813535,30
2018:09:02:21:14:58:354,813565,813535,30
2018:09:02:21:14:59:568,813541,813538,3
2018:09:02:21:14:59:755,813535,813533,2
2018:09:02:21:14:59:874,813535,813533,2
2018:09:02:21:15:00:007,813565,813533,32
2018:09:02:21:15:00:117,813565,813533,32
2018:09:02:21:15:00:227,813565,813533,32
2018:09:02:21:15:00:369,813535,813534,1
2018:09:02:21:15:00:481,813535,813534,1
2018:09:02:21:15:00:609,813562,813538,24
2018:09:02:21:15:00:714,813562,813538,24
2018:09:02:21:15:00:816,813562,813538,24
2018:09:02:21:15:00:943,813562,813547,15
2018:09:02:21:15:01:048,813562,813537,25
2018:09:02:21:15:01:164,813562,813561,1
2018:09:02:21:15:01:277,813562,813561,1
2018:09:02:21:15:01:427,813562,813561,1
2018:09:02:21:15:01:575,813562,813561,1
2018:09:02:21:15:01:696,813562,813561,1
2018:09:02:21:15:01:792,813562,813561,1
2018:09:02:21:15:01:913,813562,813561,1
2018:09:02:21:15:02:121,813562,813561,1
2018:09:02:21:15:02:265,813565,813564,1
2018:09:02:21:15:02:400,813551,813531,20
2018:09:02:21:15:02:540,813551,813531,20
2018:09:02:21:15:02:727,813565,813564,1
2018:09:02:21:15:02:871,813561,813552,9
2018:09:02:21:15:02:982,813562,813515,47
2018:09:02:21:15:03:082,813559,813555,4
2018:09:02:21:15:03:244,813559,813555,4
2018:09:02:21:15:03:348,813559,813555,4
2018:09:02:21:15:03:475,813559,813555,4
2018:09:02:21:15:03:616,813559,813510,49
2018:09:02:21:15:03:824,813559,813510,49
2018:09:02:21:15:04:035,813552,813510,42
2018:09:02:21:15:04:146,813552,813510,42
2018:09:02:21:15:04:264,813552,813510,42
2018:09:02:21:15:04:371,813552,813501,51
2018:09:02:21:15:04:473,813528,813513,15
2018:09:02:21:15:04:619,813528,813513,15
2018:09:02:21:15:04:770,813528,813513,15
2018:09:02:21:15:04:910,813650,813513,137
2018:09:02:21:15:05:098,813653,813513,140
2018:09:02:21:15:05:425,813679,813513,166
2018:09:02:21:15:05:623,813615,813596,19
2018:09:02:21:15:05:755,813615,813596,19
2018:09:02:21:15:05:914,813649,813588,61
2018:09:02:21:15:06:133,813604,813598,6
2018:09:02:21:15:07:032,813601,813598,3
2018:09:02:21:15:07:279,813674,813635,39
2018:09:02:21:15:07:440,813674,813618,56
2018:09:02:21:15:07:566,813671,813628,43
2018:09:02:21:15:07:721,813764,813628,136
2018:09:02:21:15:07:838,813737,813649,88
2018:09:02:21:15:08:008,813700,813649,51
2018:09:02:21:15:09:029,813700,813649,51
2018:09:02:21:15:09:142,813690,813659,31
2018:09:02:21:15:09:286,813697,813690,7
2018:09:02:21:15:10:401,813697,813690,7
2018:09:02:21:15:11:457,813795,813772,23
2018:09:02:21:15:12:416,813785,813772,13
2018:09:02:21:15:12:685,813795,813778,17
2018:09:02:21:15:12:822,813811,813781,30
2018:09:02:21:15:13:014,813813,813771,42
2018:09:02:21:15:13:212,813813,813771,42
2018:09:02:21:15:13:358,813830,813791,39
2018:09:02:21:15:13:503,813830,813791,39
2018:09:02:21:15:14:601,813830,813700,130
2018:09:02:21:15:14:768,813827,813730,97
2018:09:02:21:15:15:004,813827,813730,97
2018:09:02:21:15:15:154,813827,813730,97
2018:09:02:21:15:15:348,813736,813732,4
2018:09:02:21:15:15:467,813736,813732,4
2018:09:02:21:15:16:528,813736,813734,2
2018:09:02:21:15:16:704,813796,813781,15
2018:09:02:21:15:16:838,813796,813781,15
2018:09:02:21:15:17:011,813779,813739,40
2018:09:02:21:15:17:156,813807,813782,25
2018:09:02:21:15:17:286,813779,813739,40
2018:09:02:21:15:17:382,813807,813782,25
2018:09:02:21:15:17:501,813807,813782,25
2018:09:02:21:15:17:650,813807,813782,25
2018:09:02:21:15:17:781,813807,813783,24
2018:09:02:21:15:17:980,813794,813783,11
2018:09:02:21:15:18:108,813794,813783,11
2018:09:02:21:15:18:221,813928,813839,89
2018:09:02:21:15:18:339,813928,813839,89
2018:09:02:21:15:18:723,813901,813841,60
2018:09:02:21:15:18:970,813901,813841,60
2018:09:02:21:15:19:115,813930,813901,29
2018:09:02:21:15:19:234,813925,813901,24
2018:09:02:21:15:19:349,813925,813901,24
2018:09:02:21:15:19:490,813925,813901,24
2018:09:02:21:15:19:586,813928,813847,81
2018:09:02:21:15:19:717,813921,813817,104
2018:09:02:21:15:19:817,813912,813862,50
2018:09:02:21:15:19:963,813912,813862,50
2018:09:02:21:15:20:113,813912,813902,10
2018:09:02:21:15:20:252,813841,813810,31
2018:09:02:21:15:20:382,813841,813810,31
2018:09:02:21:15:20:498,813841,813810,31
2018:09:02:21:15:20:683,813823,813812,11
2018:09:02:21:15:20:830,813823,813812,11
2018:09:02:21:15:20:950,813840,813812,28
2018:09:02:21:15:21:152,813840,813812,28
2018:09:02:21:15:21:258,813790,813752,38
2018:09:02:21:15:21:364,813790,813752,38
2018:09:02:21:15:21:514,813790,813752,38
2018:09:02:21:15:21:833,813790,813752,38
2018:09:02:21:15:23:092,813770,813701,69
2018:09:02:21:15:23:302,813769,813701,68
2018:09:02:21:15:23:661,813756,813701,55
2018:09:02:21:15:23:859,813752,813701,51
2018:09:02:21:15:24:053,813755,813703,52
2018:09:02:21:15:24:217,813755,813703,52
2018:09:02:21:15:24:352,813755,813703,52
2018:09:02:21:15:24:475,813755,813703,52
2018:09:02:21:15:24:600,813744,813633,111
2018:09:02:21:15:24:721,813730,813684,46
2018:09:02:21:15:24:843,813730,813684,46
2018:09:02:21:15:24:956,813730,813684,46
2018:09:02:21:15:25:084,813730,813684,46
2018:09:02:21:15:25:232,813730,813684,46
2018:09:02:21:15:25:368,813727,813689,38
2018:09:02:21:15:25:689,813717,813647,70
2018:09:02:21:15:25:926,813717,813647,70
2018:09:02:21:15:26:030,813710,813626,84
2018:09:02:21:15:26:161,813710,813626,84
2018:09:02:21:15:26:284,813710,813658,52
2018:09:02:21:15:26:500,813709,813660,49
2018:09:02:21:15:26:613,813709,813660,49
2018:09:02:21:15:26:744,813709,813660,49
2018:09:02:21:15:26:855,813709,813660,49
2018:09:02:21:15:26:980,813709,813660,49
2018:09:02:21:15:27:115,813699,813607,92
2018:09:02:21:15:27:271,813699,813607,92
2018:09:02:21:15:27:429,813699,813684,15
2018:09:02:21:15:27:539,813703,813692,11
2018:09:02:21:15:27:659,813703,813692,11
2018:09:02:21:15:27:836,813706,813693,13
2018:09:02:21:15:28:239,813706,813693,13
2018:09:02:21:15:28:373,813702,813696,6
2018:09:02:21:15:28:589,813720,813712,8
2018:09:02:21:15:28:896,813720,813699,21
2018:09:02:21:15:29:027,813719,813713,6
2018:09:02:21:15:29:179,813730,813718,12
2018:09:02:21:15:29:294,813730,813718,12
2018:09:02:21:15:29:422,813730,813718,12
2018:09:02:21:15:29:549,813730,813718,12
2018:09:02:21:15:29:676,813730,813719,11
2018:09:02:21:15:29:790,813730,813719,11
2018:09:02:21:15:29:943,813730,813719,11
2018:09:02:21:15:30:060,813730,813719,11
2018:09:02:21:15:30:196,813730,813719,11
2018:09:02:21:15:30:368,813730,813720,10
2018:09:02:21:15:30:523,813730,813722,8
2018:09:02:21:15:31:119,813730,813728,2
2018:09:02:21:15:31:815,813730,813729,1
2018:09:02:21:15:31:931,813730,813729,1
2018:09:02:21:15:32:039,813730,813729,1
2018:09:02:21:15:32:160,813730,813729,1
2018:09:02:21:15:32:293,813780,813725,55
2018:09:02:21:15:32:399,813780,813725,55
2018:09:02:21:15:32:513,813737,813725,12
2018:09:02:21:15:32:656,813790,813738,52
2018:09:02:21:15:32:802,813790,813738,52
2018:09:02:21:15:32:934,813800,813738,62
2018:09:02:21:15:33:057,813800,813733,67
2018:09:02:21:15:33:189,813777,813750,27
2018:09:02:21:15:33:300,813777,813750,27
2018:09:02:21:15:33:414,813777,813758,19
2018:09:02:21:15:33:527,813777,813758,19
2018:09:02:21:15:33:896,813777,813761,16
2018:09:02:21:15:34:021,813777,813759,18
2018:09:02:21:15:34:146,813761,813759,2
2018:09:02:21:15:34:291,813761,813759,2
2018:09:02:21:15:34:403,813761,813759,2
2018:09:02:21:15:34:530,813761,813759,2
2018:09:02:21:15:34:660,813761,813759,2
2018:09:02:21:15:34:770,813761,813760,1
2018:09:02:21:15:34:933,813761,813760,1
2018:09:02:21:15:35:146,813760,813759,1
2018:09:02:21:15:35:245,813790,813782,8
2018:09:02:21:15:35:342,813790,813782,8
2018:09:02:21:15:35:452,813790,813784,6
2018:09:02:21:15:35:562,813790,813784,6
2018:09:02:21:15:35:668,813790,813784,6
2018:09:02:21:15:35:772,813790,813784,6
2018:09:02:21:15:35:955,813809,813783,26
2018:09:02:21:15:36:084,813790,813787,3
2018:09:02:21:15:36:228,813809,813783,26
2018:09:02:21:15:36:347,813809,813783,26
2018:09:02:21:15:36:457,813837,813790,47
2018:09:02:21:15:36:626,813845,813793,52
2018:09:02:21:15:36:779,813845,813794,51
2018:09:02:21:15:37:008,813845,813791,54
2018:09:02:21:15:37:158,813845,813791,54
2018:09:02:21:15:37:292,813835,813804,31
2018:09:02:21:15:37:481,813835,813804,31
2018:09:02:21:15:37:648,813842,813807,35
2018:09:02:21:15:37:868,813842,813807,35
2018:09:02:21:15:37:986,813842,813807,35
2018:09:02:21:15:38:127,813832,813807,25
2018:09:02:21:15:38:286,813826,813814,12
2018:09:02:21:15:38:577,813830,813814,16
2018:09:02:21:15:38:779,813826,813814,12
2018:09:02:21:15:38:923,813825,813824,1
2018:09:02:21:15:39:082,813825,813824,1
2018:09:02:21:15:39:209,813855,813837,18
2018:09:02:21:15:39:344,813879,813824,55
2018:09:02:21:15:39:485,813872,813865,7
2018:09:02:21:15:39:837,813879,813867,12
2018:09:02:21:15:40:048,813877,813872,5
2018:09:02:21:15:40:154,813877,813872,5
2018:09:02:21:15:40:268,813877,813872,5
2018:09:02:21:15:40:421,813875,813872,3
2018:09:02:21:15:40:779,813877,813872,5
2018:09:02:21:15:40:911,813876,813873,3
2018:09:02:21:15:42:666,813876,813873,3
2018:09:02:21:15:42:997,813754,813743,11
2018:09:02:21:15:43:119,813752,813715,37
2018:09:02:21:15:43:292,813752,813715,37
2018:09:02:21:15:43:446,813752,813748,4
2018:09:02:21:15:43:622,813752,813748,4
2018:09:02:21:15:43:823,813752,813744,8
2018:09:02:21:15:44:078,813749,813722,27
2018:09:02:21:15:44:312,813749,813700,49
2018:09:02:21:15:44:467,813746,813727,19
2018:09:02:21:15:44:589,813746,813700,46
2018:09:02:21:15:44:685,813746,813699,47
2018:09:02:21:15:44:783,813746,813699,47
2018:09:02:21:15:44:901,813743,813701,42
2018:09:02:21:15:45:013,813732,813697,35
2018:09:02:21:15:45:165,813743,813701,42
2018:09:02:21:15:45:271,813732,813694,38
2018:09:02:21:15:45:411,813732,813694,38
2018:09:02:21:15:45:571,813732,813694,38
2018:09:02:21:15:45:688,813726,813717,9
2018:09:02:21:15:45:807,813726,813704,22
2018:09:02:21:15:45:908,813726,813704,22
2018:09:02:21:15:46:011,813726,813661,65
2018:09:02:21:15:46:113,813726,813661,65
2018:09:02:21:15:46:232,813719,813660,59
2018:09:02:21:15:46:449,813726,813661,65
2018:09:02:21:15:46:632,813712,813690,22
2018:09:02:21:15:46:740,813712,813673,39
2018:09:02:21:15:46:851,813712,813690,22
2018:09:02:21:15:46:980,813712,813673,39
2018:09:02:21:15:47:101,813712,813695,17
2018:09:02:21:15:47:256,813712,813695,17
2018:09:02:21:15:47:360,813745,813695,50
2018:09:02:21:15:47:501,813712,813695,17
2018:09:02:21:15:47:830,813702,813695,7
2018:09:02:21:15:47:977,813716,813702,14
2018:09:02:21:15:48:085,813774,813702,72
2018:09:02:21:15:48:203,813774,813702,72
2018:09:02:21:15:48:356,813774,813718,56
2018:09:02:21:15:48:584,813774,813716,58
2018:09:02:21:15:48:751,813774,813716,58
2018:09:02:21:15:48:881,813811,813781,30
2018:09:02:21:15:49:014,813811,813781,30
2018:09:02:21:15:49:128,813811,813781,30
2018:09:02:21:15:49:244,813771,813723,48
2018:09:02:21:15:49:381,813771,813723,48
2018:09:02:21:15:49:766,813773,813736,37
2018:09:02:21:15:49:996,813772,813766,6
2018:09:02:21:15:50:120,813772,813766,6
2018:09:02:21:15:50:261,813772,813766,6
2018:09:02:21:15:50:374,813772,813757,15
2018:09:02:21:15:50:478,813773,813757,16
2018:09:02:21:15:50:588,813773,813772,1
2018:09:02:21:15:50:686,813773,813772,1
2018:09:02:21:15:50:947,813773,813772,1
2018:09:02:21:15:51:050,813805,813775,30
2018:09:02:21:15:51:153,813773,813772,1
2018:09:02:21:15:51:247,813809,813773,36
2018:09:02:21:15:51:356,813809,813773,36
2018:09:02:21:15:51:634,813809,813773,36
2018:09:02:21:15:51:806,813805,813800,5
2018:09:02:21:15:51:914,813805,813800,5
2018:09:02:21:15:52:033,813805,813800,5
2018:09:02:21:15:52:145,813805,813800,5
2018:09:02:21:15:52:260,813805,813801,4
2018:09:02:21:15:52:374,813805,813801,4
2018:09:02:21:15:52:501,813805,813801,4
2018:09:02:21:15:52:659,813839,813805,34
2018:09:02:21:15:52:784,813839,813805,34
2018:09:02:21:15:52:893,813861,813805,56
2018:09:02:21:15:53:043,813861,813805,56
2018:09:02:21:15:53:164,813865,813855,10
2018:09:02:21:15:53:545,813874,813839,35
2018:09:02:21:15:53:655,813850,813839,11
2018:09:02:21:15:53:767,813935,813865,70
2018:09:02:21:15:53:876,813935,813865,70
2018:09:02:21:15:53:994,813950,813865,85
2018:09:02:21:15:54:152,813928,813865,63
2018:09:02:21:15:54:320,813928,813865,63
2018:09:02:21:15:54:448,813964,813886,78
2018:09:02:21:15:54:596,813928,813865,63
2018:09:02:21:15:54:821,813964,813886,78
2018:09:02:21:15:55:011,813964,813886,78
2018:09:02:21:15:55:129,813918,813893,25
2018:09:02:21:15:55:313,813918,813893,25
2018:09:02:21:15:55:484,813950,813939,11
2018:09:02:21:15:55:624,813950,813939,11
2018:09:02:21:15:55:735,813950,813939,11
2018:09:02:21:15:55:858,813950,813939,11
2018:09:02:21:15:56:014,813950,813939,11
2018:09:02:21:15:56:115,813989,813942,47
2018:09:02:21:15:56:222,813990,813950,40
2018:09:02:21:15:56:345,813990,813950,40
2018:09:02:21:15:56:465,813949,813896,53
2018:09:02:21:15:56:623,813949,813896,53
2018:09:02:21:15:56:745,813975,813896,79
2018:09:02:21:15:57:162,813947,813896,51
2018:09:02:21:15:57:548,813937,813901,36
2018:09:02:21:15:57:914,813940,813901,39
2018:09:02:21:15:58:089,813942,813901,41
2018:09:02:21:15:58:245,813942,813901,41
2018:09:02:21:15:58:361,813927,813904,23
2018:09:02:21:15:58:567,813924,813906,18
2018:09:02:21:15:58:670,813924,813906,18
2018:09:02:21:15:58:791,813987,813906,81
2018:09:02:21:15:58:960,813987,813906,81
2018:09:02:21:15:59:278,813950,813918,32
2018:09:02:21:15:59:416,813950,813943,7
2018:09:02:21:15:59:710,813951,813950,1
2018:09:02:21:16:00:595,813999,813950,49
2018:09:02:21:16:00:853,813997,813977,20
2018:09:02:21:16:01:025,814000,813977,23
2018:09:02:21:16:01:313,814000,813978,22
2018:09:02:21:16:01:492,814000,813978,22
2018:09:02:21:16:01:605,814000,813978,22
2018:09:02:21:16:01:744,814000,813978,22
2018:09:02:21:16:01:857,814000,813978,22
2018:09:02:21:16:01:973,814000,813978,22
2018:09:02:21:16:02:104,814000,813978,22
2018:09:02:21:16:02:247,813990,813979,11
2018:09:02:21:16:02:391,813990,813979,11
2018:09:02:21:16:02:547,813990,813979,11
2018:09:02:21:16:02:745,813990,813979,11
2018:09:02:21:16:02:864,813989,813978,11
2018:09:02:21:16:03:107,813989,813978,11
2018:09:02:21:16:03:243,813989,813978,11
2018:09:02:21:16:03:383,813989,813978,11
2018:09:02:21:16:03:725,813997,813920,77
2018:09:02:21:16:03:820,813989,813980,9
2018:09:02:21:16:03:933,813989,813980,9
2018:09:02:21:16:04:025,813989,813980,9
2018:09:02:21:16:04:126,813989,813980,9
2018:09:02:21:16:04:251,813989,813980,9
2018:09:02:21:16:04:434,813989,813980,9
2018:09:02:21:16:04:585,814056,813921,135
2018:09:02:21:16:04:748,814056,813921,135
2018:09:02:21:16:04:870,814115,813923,192
2018:09:02:21:16:04:989,813998,813989,9
2018:09:02:21:16:05:124,813998,813989,9
2018:09:02:21:16:05:373,814072,814018,54
2018:09:02:21:16:05:507,814001,813989,12
2018:09:02:21:16:05:645,814020,814007,13
2018:09:02:21:16:05:783,814020,814007,13
2018:09:02:21:16:06:081,814020,814007,13
2018:09:02:21:16:06:208,814103,814000,103
2018:09:02:21:16:06:314,814051,814042,9
2018:09:02:21:16:06:414,814051,814042,9
2018:09:02:21:16:06:543,814051,814042,9
2018:09:02:21:16:06:679,814051,814042,9
2018:09:02:21:16:06:962,814051,814002,49
2018:09:02:21:16:07:095,814114,814042,72
2018:09:02:21:16:07:284,814104,814043,61
2018:09:02:21:16:08:070,814134,814047,87
2018:09:02:21:16:08:205,814065,814044,21
2018:09:02:21:16:08:368,814065,814044,21
2018:09:02:21:16:08:479,814134,814118,16
2018:09:02:21:16:08:659,814185,814118,67
2018:09:02:21:16:08:831,814185,814118,67
2018:09:02:21:16:08:941,814185,814118,67
2018:09:02:21:16:09:044,814055,814052,3
2018:09:02:21:16:09:184,814093,814058,35
2018:09:02:21:16:09:655,814211,814119,92
2018:09:02:21:16:09:791,814179,814135,44
2018:09:02:21:16:09:963,814191,814135,56
2018:09:02:21:16:10:184,814191,814135,56
2018:09:02:21:16:10:328,814191,814135,56
2018:09:02:21:16:10:497,814128,814110,18
2018:09:02:21:16:10:781,814169,814138,31
2018:09:02:21:16:10:948,814169,814138,31
2018:09:02:21:16:11:157,814169,814138,31
2018:09:02:21:16:11:326,814177,814140,37
2018:09:02:21:16:11:882,814280,814149,131
2018:09:02:21:16:12:037,814225,814150,75
2018:09:02:21:16:12:193,814205,814175,30
2018:09:02:21:16:12:627,814207,814193,14
2018:09:02:21:16:12:738,814225,814193,32
2018:09:02:21:16:12:840,814225,814193,32
2018:09:02:21:16:12:936,814225,814193,32
2018:09:02:21:16:13:058,814225,814193,32
2018:09:02:21:16:13:345,814278,814150,128
2018:09:02:21:16:14:475,814274,814198,76
2018:09:02:21:16:14:649,814225,814217,8
2018:09:02:21:16:14:854,814198,814170,28
2018:09:02:21:16:15:238,814198,814170,28
2018:09:02:21:16:15:422,814207,814200,7
2018:09:02:21:16:15:781,814207,814200,7
2018:09:02:21:16:15:922,814207,814200,7
2018:09:02:21:16:16:087,814207,814200,7
2018:09:02:21:16:16:194,814203,814201,2
2018:09:02:21:16:16:360,814203,814201,2
2018:09:02:21:16:16:686,814203,814133,70
2018:09:02:21:16:16:900,814262,814133,129
2018:09:02:21:16:17:096,814262,814133,129
2018:09:02:21:16:17:278,814200,814005,195
2018:09:02:21:16:17:439,814183,814150,33
2018:09:02:21:16:17:913,814183,814150,33
2018:09:02:21:16:18:168,814181,814151,30
2018:09:02:21:16:18:337,814181,814151,30
2018:09:02:21:16:18:502,814338,814149,189
2018:09:02:21:16:18:609,814181,814151,30
2018:09:02:21:16:18:705,814338,814149,189
2018:09:02:21:16:18:815,814338,814149,189
2018:09:02:21:16:19:223,814338,814149,189
2018:09:02:21:16:19:341,814182,814000,182
2018:09:02:21:16:20:154,814179,814160,19
2018:09:02:21:16:20:405,814168,814120,48
2018:09:02:21:16:20:981,814145,814077,68
2018:09:02:21:16:21:124,814124,814111,13
2018:09:02:21:16:21:264,814124,814111,13
2018:09:02:21:16:21:395,814100,814001,99
2018:09:02:21:16:21:568,814140,814118,22
2018:09:02:21:16:21:707,814144,814087,57
2018:09:02:21:16:21:847,814144,814087,57
2018:09:02:21:16:22:039,814144,814087,57
2018:09:02:21:16:22:186,814138,814118,20
2018:09:02:21:16:22:317,814144,814118,26
2018:09:02:21:16:22:686,814133,814118,15
2018:09:02:21:16:23:002,814137,814128,9
2018:09:02:21:16:23:156,814134,814131,3
2018:09:02:21:16:23:308,814137,814128,9
2018:09:02:21:16:23:446,814150,814123,27
2018:09:02:21:16:23:569,814150,814123,27
2018:09:02:21:16:23:670,814172,814154,18
2018:09:02:21:16:23:778,814199,814154,45
2018:09:02:21:16:23:897,814199,814154,45
2018:09:02:21:16:24:019,814169,814155,14
2018:09:02:21:16:24:148,814169,814155,14
2018:09:02:21:16:24:260,814210,814141,69
2018:09:02:21:16:24:394,814250,814155,95
2018:09:02:21:16:24:568,814250,814155,95
2018:09:02:21:16:25:028,814166,814156,10
2018:09:02:21:16:25:170,814264,814174,90
2018:09:02:21:16:25:307,814299,814162,137
2018:09:02:21:16:25:447,814264,814184,80
2018:09:02:21:16:25:587,814264,814191,73
2018:09:02:21:16:25:690,814261,814191,70
2018:09:02:21:16:25:844,814249,814220,29
2018:09:02:21:16:26:998,814249,814220,29
2018:09:02:21:16:27:139,814259,814227,32
2018:09:02:21:16:27:312,814259,814227,32
2018:09:02:21:16:27:468,814259,814232,27
2018:09:02:21:16:27:580,814248,814232,16
2018:09:02:21:16:27:710,814259,814232,27
2018:09:02:21:16:27:817,814248,814243,5
2018:09:02:21:16:27:918,814248,814243,5
2018:09:02:21:16:28:069,814248,814232,16
2018:09:02:21:16:28:162,814248,814246,2
2018:09:02:21:16:28:286,814245,814243,2
2018:09:02:21:16:28:405,814248,814246,2
2018:09:02:21:16:28:539,814248,814246,2
2018:09:02:21:16:28:728,814339,814246,93
2018:09:02:21:16:28:852,814248,814246,2
2018:09:02:21:16:28:998,814353,814257,96
2018:09:02:21:16:29:120,814336,814258,78
2018:09:02:21:16:29:268,814317,814264,53
2018:09:02:21:16:29:454,814317,814264,53
2018:09:02:21:16:29:839,814317,814264,53
2018:09:02:21:16:29:950,814353,814271,82
2018:09:02:21:16:30:221,814353,814300,53
2018:09:02:21:16:30:323,814353,814301,52
2018:09:02:21:16:30:437,814353,814307,46
2018:09:02:21:16:30:668,814353,814307,46
2018:09:02:21:16:30:798,814352,814310,42
2018:09:02:21:16:30:928,814353,814307,46
2018:09:02:21:16:31:033,814352,814310,42
2018:09:02:21:16:31:162,814352,814310,42
2018:09:02:21:16:31:278,814353,814313,40
2018:09:02:21:16:31:406,814353,814316,37
2018:09:02:21:16:31:859,814353,814316,37
2018:09:02:21:16:32:026,814342,814326,16
2018:09:02:21:16:32:193,814342,814326,16
2018:09:02:21:16:32:328,814342,814326,16
2018:09:02:21:16:32:479,814350,814315,35
2018:09:02:21:16:32:652,814350,814315,35
2018:09:02:21:16:32:790,814345,814327,18
2018:09:02:21:16:32:897,814353,814308,45
2018:09:02:21:16:33:027,814353,814308,45
2018:09:02:21:16:33:163,814350,814327,23
2018:09:02:21:16:33:306,814350,814327,23
2018:09:02:21:16:33:430,814350,814327,23
2018:09:02:21:16:33:641,814389,814328,61
2018:09:02:21:16:34:002,814334,814317,17
2018:09:02:21:16:34:105,814324,814320,4
2018:09:02:21:16:34:234,814324,814320,4
2018:09:02:21:16:34:383,814368,814352,16
2018:09:02:21:16:34:520,814368,814352,16
2018:09:02:21:16:34:638,814368,814352,16
2018:09:02:21:16:34:765,814374,814352,22
2018:09:02:21:16:35:168,814374,814352,22
2018:09:02:21:16:35:327,814365,814353,12
2018:09:02:21:16:35:600,814365,814353,12
2018:09:02:21:16:35:744,814390,814353,37
2018:09:02:21:16:35:862,814393,814355,38
2018:09:02:21:16:36:022,814393,814355,38
2018:09:02:21:16:36:157,814384,814336,48
2018:09:02:21:16:36:374,814381,814336,45
2018:09:02:21:16:36:494,814381,814336,45
2018:09:02:21:16:36:600,814381,814354,27
2018:09:02:21:16:36:774,814381,814354,27
2018:09:02:21:16:37:512,814381,814354,27
2018:09:02:21:16:38:056,814368,814309,59
2018:09:02:21:16:38:226,814380,814331,49
2018:09:02:21:16:38:400,814380,814331,49
2018:09:02:21:16:38:618,814380,814331,49
2018:09:02:21:16:38:742,814377,814301,76
2018:09:02:21:16:38:928,814377,814301,76
2018:09:02:21:16:39:025,814377,814301,76
2018:09:02:21:16:39:134,814400,814343,57
2018:09:02:21:16:39:432,814400,814343,57
2018:09:02:21:16:39:594,814400,814255,145
2018:09:02:21:16:39:797,814374,814255,119
2018:09:02:21:16:39:910,814373,814349,24
2018:09:02:21:16:40:050,814287,814266,21
2018:09:02:21:16:40:238,814366,814352,14
2018:09:02:21:16:40:350,814366,814352,14
2018:09:02:21:16:40:494,814364,814352,12
2018:09:02:21:16:40:617,814276,814254,22
2018:09:02:21:16:40:770,814332,814254,78
2018:09:02:21:16:41:057,814332,814254,78
2018:09:02:21:16:41:173,814357,814310,47
2018:09:02:21:16:41:295,814256,814254,2
2018:09:02:21:16:41:417,814255,814254,1
2018:09:02:21:16:41:626,814255,814254,1
2018:09:02:21:16:41:740,814300,814257,43
2018:09:02:21:16:41:859,814300,814257,43
2018:09:02:21:16:41:974,814300,814255,45
2018:09:02:21:16:42:133,814390,814353,37
2018:09:02:21:16:42:251,814390,814353,37
2018:09:02:21:16:42:375,814390,814353,37
2018:09:02:21:16:42:497,814381,814353,28
2018:09:02:21:16:42:934,814381,814353,28
2018:09:02:21:16:43:072,814406,814354,52
2018:09:02:21:16:43:167,814389,814359,30
2018:09:02:21:16:43:309,814406,814354,52
2018:09:02:21:16:43:421,814389,814361,28
2018:09:02:21:16:43:553,814389,814361,28
2018:09:02:21:16:43:664,814388,814371,17
2018:09:02:21:16:43:893,814388,814371,17
2018:09:02:21:16:44:001,814389,814362,27
2018:09:02:21:16:44:120,814389,814355,34
2018:09:02:21:16:44:232,814386,814362,24
2018:09:02:21:16:44:343,814386,814362,24
2018:09:02:21:16:44:640,814386,814362,24
2018:09:02:21:16:44:770,814395,814386,9
2018:09:02:21:16:44:887,814395,814355,40
2018:09:02:21:16:45:022,814395,814355,40
2018:09:02:21:16:45:127,814395,814355,40
2018:09:02:21:16:45:287,814395,814355,40
2018:09:02:21:16:45:397,814387,814363,24
2018:09:02:21:16:45:496,814387,814363,24
2018:09:02:21:16:45:636,814387,814363,24
2018:09:02:21:16:45:733,814374,814355,19
2018:09:02:21:16:45:853,814387,814363,24
2018:09:02:21:16:45:959,814374,814355,19
2018:09:02:21:16:46:203,814374,814355,19
2018:09:02:21:16:46:309,814374,814355,19
2018:09:02:21:16:46:433,814374,814355,19
2018:09:02:21:16:46:568,814374,814355,19
2018:09:02:21:16:46:691,814474,814355,119
2018:09:02:21:16:46:843,814373,814364,9
2018:09:02:21:16:47:120,814373,814364,9
2018:09:02:21:16:47:313,814371,814356,15
2018:09:02:21:16:48:235,814371,814356,15
2018:09:02:21:16:48:386,814371,814365,6
2018:09:02:21:16:48:572,814374,814365,9
2018:09:02:21:16:48:697,814374,814365,9
2018:09:02:21:16:48:809,814374,814365,9
2018:09:02:21:16:48:925,814374,814365,9
2018:09:02:21:16:49:025,814374,814372,2
2018:09:02:21:16:49:166,814365,814361,4
2018:09:02:21:16:49:321,814365,814361,4
2018:09:02:21:16:49:500,814365,814361,4
2018:09:02:21:16:49:658,814365,814360,5
2018:09:02:21:16:49:786,814365,814361,4
2018:09:02:21:16:49:896,814407,814400,7
2018:09:02:21:16:49:989,814361,814360,1
2018:09:02:21:16:50:132,814407,814400,7
2018:09:02:21:16:50:523,814454,814400,54
2018:09:02:21:16:50:649,814443,814420,23
2018:09:02:21:16:50:772,814443,814420,23
2018:09:02:21:16:50:890,814443,814401,42
2018:09:02:21:16:51:038,814480,814454,26
2018:09:02:21:16:51:164,814480,814454,26
2018:09:02:21:16:51:392,814480,814454,26
2018:09:02:21:16:51:523,814480,814454,26
2018:09:02:21:16:51:738,814499,814490,9
2018:09:02:21:16:52:825,814555,814455,100
2018:09:02:21:16:52:965,814600,814500,100
2018:09:02:21:16:53:086,814537,814507,30
2018:09:02:21:16:53:252,814537,814503,34
2018:09:02:21:16:53:387,814600,814525,75
2018:09:02:21:16:53:537,814548,814525,23
2018:09:02:21:16:53:658,814537,814503,34
2018:09:02:21:16:53:780,814545,814532,13
2018:09:02:21:16:53:895,814545,814532,13
2018:09:02:21:16:54:026,814545,814532,13
2018:09:02:21:16:54:122,814545,814528,17
2018:09:02:21:16:54:304,814595,814533,62
2018:09:02:21:16:54:425,814595,814533,62
2018:09:02:21:16:54:574,814595,814533,62
2018:09:02:21:16:54:846,814595,814533,62
2018:09:02:21:16:54:978,814595,814533,62
2018:09:02:21:16:55:108,814595,814533,62
2018:09:02:21:16:55:232,814539,814535,4
2018:09:02:21:16:55:344,814598,814552,46
2018:09:02:21:16:55:475,814536,814535,1
2018:09:02:21:16:55:637,814598,814574,24
2018:09:02:21:16:55:763,814616,814608,8
2018:09:02:21:16:55:868,814616,814608,8
2018:09:02:21:16:56:147,814616,814608,8
2018:09:02:21:16:56:265,814668,814608,60
2018:09:02:21:16:56:422,814668,814608,60
2018:09:02:21:16:57:175,814668,814608,60
2018:09:02:21:16:57:330,814662,814609,53
2018:09:02:21:16:57:506,814662,814609,53
2018:09:02:21:16:57:632,814668,814534,134
2018:09:02:21:16:57:747,814607,814526,81
2018:09:02:21:16:57:876,814607,814526,81
2018:09:02:21:16:58:004,814607,814526,81
2018:09:02:21:16:58:153,814607,814526,81
2018:09:02:21:16:58:284,814668,814534,134
2018:09:02:21:16:58:460,814640,814610,30
2018:09:02:21:16:58:608,814668,814534,134
2018:09:02:21:16:58:782,814658,814610,48
2018:09:02:21:16:58:909,814597,814552,45
2018:09:02:21:16:59:041,814597,814552,45
2018:09:02:21:16:59:296,814649,814540,109
2018:09:02:21:16:59:419,814665,814536,129
2018:09:02:21:16:59:517,814665,814536,129
2018:09:02:21:16:59:657,814665,814536,129
2018:09:02:21:16:59:847,814665,814536,129
2018:09:02:21:17:00:016,814638,814611,27
2018:09:02:21:17:00:236,814590,814569,21
2018:09:02:21:17:00:356,814590,814550,40
2018:09:02:21:17:00:630,814590,814550,40
2018:09:02:21:17:00:775,814628,814576,52
2018:09:02:21:17:00:891,814587,814576,11
2018:09:02:21:17:00:997,814587,814576,11
2018:09:02:21:17:01:119,814628,814576,52
2018:09:02:21:17:01:258,814628,814570,58
2018:09:02:21:17:01:400,814613,814584,29
2018:09:02:21:17:01:526,814628,814584,44
2018:09:02:21:17:01:652,814628,814584,44
2018:09:02:21:17:01:763,814577,814576,1
2018:09:02:21:17:01:925,814586,814577,9
2018:09:02:21:17:02:219,814586,814577,9
2018:09:02:21:17:02:320,814586,814534,52
2018:09:02:21:17:02:436,814586,814534,52
2018:09:02:21:17:02:597,814586,814534,52
2018:09:02:21:17:03:400,814617,814582,35
2018:09:02:21:17:03:889,814610,814524,86
2018:09:02:21:17:04:047,814606,814605,1
2018:09:02:21:17:04:512,814606,814605,1
2018:09:02:21:17:04:615,814552,814529,23
2018:09:02:21:17:04:715,814552,814529,23
2018:09:02:21:17:04:841,814552,814529,23
2018:09:02:21:17:04:960,814552,814529,23
2018:09:02:21:17:05:108,814552,814529,23
2018:09:02:21:17:05:263,814542,814433,109
2018:09:02:21:17:05:398,814542,814433,109
2018:09:02:21:17:05:558,814541,814501,40
2018:09:02:21:17:05:671,814541,814516,25
2018:09:02:21:17:05:797,814542,814501,41
2018:09:02:21:17:05:916,814542,814501,41
2018:09:02:21:17:06:148,814542,814501,41
2018:09:02:21:17:06:265,814542,814501,41
2018:09:02:21:17:06:374,814542,814501,41
2018:09:02:21:17:06:539,814542,814501,41
2018:09:02:21:17:06:653,814542,814501,41
2018:09:02:21:17:06:963,814542,814501,41
2018:09:02:21:17:07:087,814542,814501,41
2018:09:02:21:17:07:184,814542,814501,41
2018:09:02:21:17:07:287,814798,814485,313
2018:09:02:21:17:07:400,814798,814485,313
2018:09:02:21:17:07:686,814488,814435,53
2018:09:02:21:17:07:899,814531,814525,6
2018:09:02:21:17:08:032,814557,814512,45
2018:09:02:21:17:08:173,814557,814512,45
2018:09:02:21:17:08:312,814607,814563,44
2018:09:02:21:17:08:472,814590,814535,55
2018:09:02:21:17:08:795,814700,814538,162
2018:09:02:21:17:09:012,814631,814537,94
2018:09:02:21:17:09:118,814631,814537,94
2018:09:02:21:17:09:337,814631,814537,94
2018:09:02:21:17:09:641,814631,814611,20
2018:09:02:21:17:09:794,814631,814547,84
2018:09:02:21:17:09:945,814675,814548,127
2018:09:02:21:17:10:056,814602,814548,54
2018:09:02:21:17:10:168,814594,814588,6
2018:09:02:21:17:10:281,814602,814548,54
2018:09:02:21:17:10:463,814594,814588,6
2018:09:02:21:17:10:599,814578,814542,36
2018:09:02:21:17:10:756,814578,814542,36
2018:09:02:21:17:10:875,814578,814558,20
2018:09:02:21:17:11:049,814578,814558,20
2018:09:02:21:17:11:218,814590,814551,39
2018:09:02:21:17:11:380,814568,814536,32
2018:09:02:21:17:11:523,814568,814536,32
2018:09:02:21:17:11:636,814584,814547,37
2018:09:02:21:17:11:751,814577,814547,30
2018:09:02:21:17:11:933,814587,814547,40
2018:09:02:21:17:12:962,814557,814552,5
2018:09:02:21:17:13:212,814557,814539,18
2018:09:02:21:17:13:360,814547,814536,11
2018:09:02:21:17:13:508,814547,814536,11
2018:09:02:21:17:13:641,814547,814536,11
2018:09:02:21:17:13:807,814547,814536,11
2018:09:02:21:17:13:906,814552,814545,7
2018:09:02:21:17:14:055,814552,814545,7
2018:09:02:21:17:14:246,814556,814553,3
2018:09:02:21:17:14:394,814556,814553,3
2018:09:02:21:17:14:518,814556,814553,3
2018:09:02:21:17:14:642,814589,814553,36
2018:09:02:21:17:14:815,814589,814566,23
2018:09:02:21:17:14:933,814556,814536,20
2018:09:02:21:17:16:107,814556,814536,20
2018:09:02:21:17:16:260,814575,814565,10
2018:09:02:21:17:16:391,814565,814562,3
2018:09:02:21:17:16:498,814565,814562,3
2018:09:02:21:17:16:648,814565,814553,12
2018:09:02:21:17:16:850,814565,814564,1
2018:09:02:21:17:16:956,814565,814553,12
2018:09:02:21:17:17:074,814565,814553,12
2018:09:02:21:17:17:383,814551,814547,4
2018:09:02:21:17:17:569,814551,814547,4
2018:09:02:21:17:17:766,814532,814522,10
2018:09:02:21:17:18:763,814528,814516,12
2018:09:02:21:17:18:946,814528,814516,12
2018:09:02:21:17:19:068,814528,814492,36
2018:09:02:21:17:19:214,814536,814519,17
2018:09:02:21:17:19:339,814536,814519,17
2018:09:02:21:17:19:449,814536,814519,17
2018:09:02:21:17:19:589,814536,814519,17
2018:09:02:21:17:19:715,814536,814471,65
2018:09:02:21:17:19:848,814536,814522,14
2018:09:02:21:17:19:957,814536,814522,14
2018:09:02:21:17:20:078,814542,814541,1
2018:09:02:21:17:20:219,814542,814541,1
2018:09:02:21:17:20:477,814500,814498,2
2018:09:02:21:17:20:720,814529,814512,17
2018:09:02:21:17:20:851,814529,814512,17
2018:09:02:21:17:20:962,814541,814513,28
2018:09:02:21:17:21:114,814519,814513,6
2018:09:02:21:17:21:219,814519,814513,6
2018:09:02:21:17:21:357,814519,814515,4
2018:09:02:21:17:21:483,814519,814515,4
2018:09:02:21:17:21:587,814519,814515,4
2018:09:02:21:17:21:732,814536,814515,21
2018:09:02:21:17:21:845,814541,814518,23
2018:09:02:21:17:21:963,814536,814515,21
2018:09:02:21:17:22:114,814536,814518,18
2018:09:02:21:17:22:287,814536,814518,18
2018:09:02:21:17:22:413,814536,814521,15
2018:09:02:21:17:22:713,814536,814521,15
2018:09:02:21:17:23:129,814525,814501,24
2018:09:02:21:17:23:246,814536,814522,14
2018:09:02:21:17:23:374,814536,814522,14
2018:09:02:21:17:23:496,814536,814522,14
2018:09:02:21:17:23:980,814536,814522,14
2018:09:02:21:17:24:085,814536,814522,14
2018:09:02:21:17:24:197,814527,814522,5
2018:09:02:21:17:24:353,814527,814525,2
2018:09:02:21:17:24:456,814500,814498,2
2018:09:02:21:17:24:564,814500,814498,2
2018:09:02:21:17:24:679,814500,814498,2
2018:09:02:21:17:24:983,814500,814498,2
2018:09:02:21:17:25:153,814499,814495,4
2018:09:02:21:17:25:300,814499,814485,14
2018:09:02:21:17:25:425,814479,814471,8
2018:09:02:21:17:25:544,814479,814471,8
2018:09:02:21:17:25:665,814479,814471,8
2018:09:02:21:17:25:792,814479,814471,8
2018:09:02:21:17:26:010,814499,814422,77
2018:09:02:21:17:26:140,814499,814422,77
2018:09:02:21:17:26:280,814468,814423,45
2018:09:02:21:17:26:532,814549,814509,40
2018:09:02:21:17:26:735,814472,814415,57
2018:09:02:21:17:27:116,814472,814415,57
2018:09:02:21:17:27:295,814465,814432,33
2018:09:02:21:17:27:402,814465,814432,33
2018:09:02:21:17:27:534,814465,814432,33
2018:09:02:21:17:27:659,814472,814449,23
2018:09:02:21:17:27:785,814465,814432,33
2018:09:02:21:17:27:902,814472,814449,23
2018:09:02:21:17:28:002,814524,814503,21
2018:09:02:21:17:28:146,814524,814503,21
2018:09:02:21:17:28:332,814541,814530,11
2018:09:02:21:17:28:666,814541,814503,38
2018:09:02:21:17:28:849,814551,814532,19
2018:09:02:21:17:29:494,814561,814541,20
2018:09:02:21:17:29:947,814560,814548,12
2018:09:02:21:17:30:069,814592,814572,20
2018:09:02:21:17:30:199,814599,814572,27
2018:09:02:21:17:30:350,814599,814573,26
2018:09:02:21:17:30:523,814599,814573,26
2018:09:02:21:17:30:668,814600,814573,27
2018:09:02:21:17:30:850,814591,814582,9
2018:09:02:21:17:31:161,814591,814582,9
2018:09:02:21:17:31:504,814679,814573,106
2018:09:02:21:17:31:665,814658,814606,52
2018:09:02:21:17:31:762,814658,814606,52
2018:09:02:21:17:31:862,814658,814606,52
2018:09:02:21:17:32:018,814647,814607,40
2018:09:02:21:17:32:185,814658,814606,52
2018:09:02:21:17:32:403,814647,814607,40
2018:09:02:21:17:32:513,814663,814613,50
2018:09:02:21:17:32:649,814663,814613,50
2018:09:02:21:17:32:951,814653,814623,30
2018:09:02:21:17:33:551,814660,814633,27
2018:09:02:21:17:33:803,814655,814633,22
2018:09:02:21:17:33:968,814655,814633,22
2018:09:02:21:17:34:068,814655,814604,51
2018:09:02:21:17:34:180,814648,814639,9
2018:09:02:21:17:34:298,814648,814639,9
2018:09:02:21:17:34:404,814648,814639,9
2018:09:02:21:17:34:540,814648,814639,9
2018:09:02:21:17:34:645,814690,814681,9
2018:09:02:21:17:34:745,814698,814681,17
2018:09:02:21:17:34:873,814700,814642,58
2018:09:02:21:17:34:995,814700,814684,16
2018:09:02:21:17:35:124,814697,814684,13
2018:09:02:21:17:35:235,814700,814684,16
2018:09:02:21:17:35:352,814697,814684,13
2018:09:02:21:17:35:524,814755,814698,57
2018:09:02:21:17:36:085,814755,814684,71
2018:09:02:21:17:36:207,814755,814727,28
2018:09:02:21:17:36:329,814794,814727,67
2018:09:02:21:17:36:481,814710,814705,5
2018:09:02:21:17:36:720,814710,814705,5
2018:09:02:21:17:36:877,814800,814794,6
2018:09:02:21:17:37:040,814781,814730,51
2018:09:02:21:17:37:200,814794,814785,9
2018:09:02:21:17:37:313,814794,814785,9
2018:09:02:21:17:37:440,814794,814785,9
2018:09:02:21:17:37:598,814796,814785,11
2018:09:02:21:17:37:720,814768,814733,35
2018:09:02:21:17:37:822,814768,814733,35
2018:09:02:21:17:37:924,814768,814733,35
2018:09:02:21:17:38:083,814768,814733,35
2018:09:02:21:17:38:237,814799,814786,13
2018:09:02:21:17:38:547,814799,814786,13
2018:09:02:21:17:38:685,814799,814786,13
2018:09:02:21:17:38:821,814780,814730,50
2018:09:02:21:17:38:930,814800,814794,6
2018:09:02:21:17:39:138,814799,814795,4
2018:09:02:21:17:39:247,814799,814795,4
2018:09:02:21:17:39:358,814797,814795,2
2018:09:02:21:17:39:480,814797,814795,2
2018:09:02:21:17:39:676,814789,814723,66
2018:09:02:21:17:39:992,814789,814723,66
2018:09:02:21:17:40:114,814800,814796,4
2018:09:02:21:17:40:226,814761,814724,37
2018:09:02:21:17:40:714,814800,814796,4
2018:09:02:21:17:40:832,814761,814728,33
2018:09:02:21:17:40:977,814786,814733,53
2018:09:02:21:17:41:125,814750,814733,17
2018:09:02:21:17:41:370,814750,814734,16
2018:09:02:21:17:42:513,814786,814736,50
2018:09:02:21:17:42:637,814798,814792,6
2018:09:02:21:17:42:784,814798,814792,6
2018:09:02:21:17:42:916,814798,814792,6
2018:09:02:21:17:43:017,814806,814802,4
2018:09:02:21:17:43:147,814798,814783,15
2018:09:02:21:17:43:293,814808,814783,25
2018:09:02:21:17:43:430,814809,814783,26
2018:09:02:21:17:43:593,814809,814783,26
2018:09:02:21:17:43:713,814809,814805,4
2018:09:02:21:17:43:929,814809,814805,4
2018:09:02:21:17:44:169,814809,814805,4
2018:09:02:21:17:44:314,814782,814761,21
2018:09:02:21:17:44:704,814782,814761,21
2018:09:02:21:17:44:845,814837,814816,21
2018:09:02:21:17:44:960,814846,814793,53
2018:09:02:21:17:45:071,814846,814793,53
2018:09:02:21:17:45:173,814846,814793,53
2018:09:02:21:17:45:265,814834,814802,32
2018:09:02:21:17:45:416,814834,814802,32
2018:09:02:21:17:45:526,814834,814802,32
2018:09:02:21:17:45:631,814834,814802,32
2018:09:02:21:17:45:886,814833,814823,10
2018:09:02:21:17:45:992,814833,814823,10
2018:09:02:21:17:46:112,814808,814805,3
2018:09:02:21:17:46:216,814808,814805,3
2018:09:02:21:17:46:450,814808,814805,3
2018:09:02:21:17:46:608,814808,814807,1
2018:09:02:21:17:46:738,814808,814807,1
2018:09:02:21:17:46:836,814808,814802,6
2018:09:02:21:17:46:941,814845,814802,43
2018:09:02:21:17:47:055,814845,814805,40
2018:09:02:21:17:47:159,814845,814805,40
2018:09:02:21:17:47:267,814843,814803,40
2018:09:02:21:17:47:398,814845,814803,42
2018:09:02:21:17:48:526,814843,814803,40
2018:09:02:21:17:48:736,814819,814805,14
2018:09:02:21:17:48:849,814819,814805,14
2018:09:02:21:17:48:969,814837,814805,32
2018:09:02:21:17:49:083,814819,814805,14
2018:09:02:21:17:49:205,814837,814805,32
2018:09:02:21:17:49:308,814818,814792,26
2018:09:02:21:17:49:417,814818,814792,26
2018:09:02:21:17:49:523,814818,814792,26
2018:09:02:21:17:49:625,814818,814792,26
2018:09:02:21:17:49:742,814818,814795,23
2018:09:02:21:17:49:839,814818,814795,23
2018:09:02:21:17:49:960,814846,814845,1
2018:09:02:21:17:50:082,814818,814795,23
2018:09:02:21:17:50:227,814846,814845,1
2018:09:02:21:17:50:357,814846,814845,1
2018:09:02:21:17:50:531,814846,814845,1
2018:09:02:21:17:50:753,814846,814729,117
2018:09:02:21:17:50:879,814794,814775,19
2018:09:02:21:17:51:062,814846,814845,1
2018:09:02:21:17:51:364,814791,814778,13
2018:09:02:21:17:51:505,814791,814778,13
2018:09:02:21:17:51:644,814791,814778,13
2018:09:02:21:17:51:750,814791,814778,13
2018:09:02:21:17:51:892,814791,814778,13
2018:09:02:21:17:52:000,814791,814778,13
2018:09:02:21:17:52:127,814791,814778,13
2018:09:02:21:17:52:249,814819,814789,30
2018:09:02:21:17:52:381,814819,814789,30
2018:09:02:21:17:52:555,814839,814743,96
2018:09:02:21:17:52:851,814788,814740,48
2018:09:02:21:17:53:874,814788,814746,42
2018:09:02:21:17:54:013,814775,814750,25
2018:09:02:21:17:54:106,814775,814750,25
2018:09:02:21:17:54:260,814765,814729,36
2018:09:02:21:17:54:393,814765,814729,36
2018:09:02:21:17:54:496,814765,814729,36
2018:09:02:21:17:54:592,814755,814753,2
2018:09:02:21:17:54:692,814756,814729,27
2018:09:02:21:17:54:838,814755,814753,2
2018:09:02:21:17:54:933,814755,814753,2
2018:09:02:21:17:55:024,814755,814753,2
2018:09:02:21:17:55:148,814755,814753,2
2018:09:02:21:17:55:261,814754,814729,25
2018:09:02:21:17:55:410,814755,814753,2
2018:09:02:21:17:55:657,814745,814729,16
2018:09:02:21:17:55:788,814745,814732,13
2018:09:02:21:17:55:904,814745,814729,16
2018:09:02:21:17:56:011,814745,814729,16
2018:09:02:21:17:56:121,814745,814729,16
2018:09:02:21:17:56:229,814740,814729,11
2018:09:02:21:17:56:368,814745,814732,13
2018:09:02:21:17:56:509,814743,814732,11
2018:09:02:21:17:56:643,814743,814732,11
2018:09:02:21:17:56:747,814743,814720,23
2018:09:02:21:17:56:845,814743,814720,23
2018:09:02:21:17:56:958,814743,814720,23
2018:09:02:21:17:57:068,814752,814730,22
2018:09:02:21:17:57:176,814716,814711,5
2018:09:02:21:17:57:361,814716,814711,5
2018:09:02:21:17:57:475,814716,814711,5
2018:09:02:21:17:57:584,814716,814711,5
2018:09:02:21:17:57:683,814716,814711,5
2018:09:02:21:17:57:776,814716,814711,5
2018:09:02:21:17:57:915,814716,814711,5
2018:09:02:21:17:58:107,814716,814513,203
2018:09:02:21:17:58:261,814716,814513,203
2018:09:02:21:17:58:498,814656,814574,82
2018:09:02:21:17:58:834,814561,814542,19
2018:09:02:21:17:58:965,814561,814536,25
2018:09:02:21:17:59:092,814561,814536,25
2018:09:02:21:17:59:232,814561,814519,42
2018:09:02:21:17:59:349,814561,814519,42
2018:09:02:21:17:59:526,814561,814519,42
2018:09:02:21:17:59:667,814536,814500,36
2018:09:02:21:17:59:781,814552,814537,15
2018:09:02:21:17:59:893,814552,814537,15
2018:09:02:21:18:00:067,814549,814537,12
2018:09:02:21:18:00:228,814549,814537,12
2018:09:02:21:18:00:349,814549,814537,12
2018:09:02:21:18:00:480,814551,814543,8
2018:09:02:21:18:00:643,814551,814543,8
2018:09:02:21:18:00:941,814548,814547,1
2018:09:02:21:18:01:068,814548,814501,47
2018:09:02:21:18:01:165,814570,814566,4
2018:09:02:21:18:01:285,814570,814566,4
2018:09:02:21:18:01:413,814570,814566,4
2018:09:02:21:18:01:527,814599,814566,33
2018:09:02:21:18:01:638,814599,814566,33
2018:09:02:21:18:01:748,814599,814566,33
2018:09:02:21:18:01:871,814599,814573,26
2018:09:02:21:18:02:041,814599,814573,26
2018:09:02:21:18:02:140,814594,814577,17
2018:09:02:21:18:02:239,814594,814577,17
2018:09:02:21:18:02:344,814594,814580,14
2018:09:02:21:18:02:446,814594,814580,14
2018:09:02:21:18:02:575,814644,814585,59
2018:09:02:21:18:02:835,814644,814585,59
2018:09:02:21:18:02:951,814653,814591,62
2018:09:02:21:18:03:069,814640,814593,47
2018:09:02:21:18:03:197,814653,814591,62
2018:09:02:21:18:03:347,814640,814593,47
2018:09:02:21:18:03:479,814687,814598,89
2018:09:02:21:18:03:721,814687,814598,89
2018:09:02:21:18:03:887,814715,814640,75
2018:09:02:21:18:04:114,814686,814659,27
2018:09:02:21:18:04:254,814716,814641,75
2018:09:02:21:18:04:387,814716,814641,75
2018:09:02:21:18:04:550,814716,814641,75
2018:09:02:21:18:04:674,814700,814686,14
2018:09:02:21:18:04:777,814704,814686,18
2018:09:02:21:18:04:886,814715,814660,55
2018:09:02:21:18:04:997,814699,814660,39
2018:09:02:21:18:05:100,814699,814660,39
2018:09:02:21:18:05:260,814699,814660,39
2018:09:02:21:18:05:367,814695,814666,29
2018:09:02:21:18:05:496,814695,814666,29
2018:09:02:21:18:05:643,814697,814666,31
2018:09:02:21:18:05:748,814704,814666,38
2018:09:02:21:18:05:890,814713,814710,3
2018:09:02:21:18:06:191,814715,814710,5
2018:09:02:21:18:06:300,814714,814710,4
2018:09:02:21:18:06:417,814714,814710,4
2018:09:02:21:18:06:538,814716,814713,3
2018:09:02:21:18:06:658,814716,814713,3
2018:09:02:21:18:06:794,814716,814710,6
2018:09:02:21:18:06:919,814716,814713,3
2018:09:02:21:18:07:041,814716,814713,3
2018:09:02:21:18:07:184,814716,814711,5
2018:09:02:21:18:07:477,814715,814711,4
2018:09:02:21:18:07:598,814715,814676,39
2018:09:02:21:18:07:827,814715,814676,39
2018:09:02:21:18:07:946,814715,814676,39
2018:09:02:21:18:08:066,814705,814607,98
2018:09:02:21:18:08:207,814703,814607,96
2018:09:02:21:18:08:325,814700,814686,14
2018:09:02:21:18:08:533,814700,814686,14
2018:09:02:21:18:08:680,814689,814636,53
2018:09:02:21:18:08:801,814700,814636,64
2018:09:02:21:18:08:920,814700,814636,64
2018:09:02:21:18:09:018,814678,814636,42
2018:09:02:21:18:09:142,814678,814636,42
2018:09:02:21:18:09:247,814678,814636,42
2018:09:02:21:18:09:399,814678,814636,42
2018:09:02:21:18:09:731,814646,814636,10
2018:09:02:21:18:10:032,814646,814636,10
2018:09:02:21:18:10:313,814646,814636,10
2018:09:02:21:18:10:432,814641,814639,2
2018:09:02:21:18:10:763,814795,814586,209
2018:09:02:21:18:13:038,814641,814640,1
2018:09:02:21:18:13:166,814690,814677,13
2018:09:02:21:18:13:328,814715,814678,37
2018:09:02:21:18:13:630,814715,814678,37
2018:09:02:21:18:13:764,814799,814678,121
2018:09:02:21:18:13:896,814799,814678,121
2018:09:02:21:18:14:044,814799,814678,121
2018:09:02:21:18:14:157,814790,814680,110
2018:09:02:21:18:14:362,814790,814721,69
2018:09:02:21:18:14:487,814790,814721,69
2018:09:02:21:18:14:624,814790,814721,69
2018:09:02:21:18:14:743,814765,814689,76
2018:09:02:21:18:14:958,814736,814689,47
2018:09:02:21:18:15:073,814736,814691,45
2018:09:02:21:18:15:182,814765,814692,73
2018:09:02:21:18:15:289,814765,814692,73
2018:09:02:21:18:15:409,814765,814692,73
2018:09:02:21:18:16:547,814765,814696,69
2018:09:02:21:18:16:785,814829,814700,129
2018:09:02:21:18:16:915,814829,814700,129
2018:09:02:21:18:17:025,814829,814700,129
2018:09:02:21:18:17:214,814766,814722,44
2018:09:02:21:18:17:341,814766,814722,44
2018:09:02:21:18:17:503,814768,814722,46
2018:09:02:21:18:17:624,814768,814722,46
2018:09:02:21:18:17:756,814768,814766,2
2018:09:02:21:18:18:120,814749,814729,20
2018:09:02:21:18:18:233,814749,814729,20
2018:09:02:21:18:18:354,814749,814729,20
2018:09:02:21:18:18:472,814749,814729,20
2018:09:02:21:18:18:618,814749,814729,20
2018:09:02:21:18:18:769,814702,814677,25
2018:09:02:21:18:18:899,814739,814703,36
2018:09:02:21:18:19:021,814729,814677,52
2018:09:02:21:18:19:143,814729,814727,2
2018:09:02:21:18:19:257,814729,814677,52
2018:09:02:21:18:19:404,814690,814663,27
2018:09:02:21:18:19:597,814690,814663,27
2018:09:02:21:18:19:725,814680,814678,2
2018:09:02:21:18:20:211,814680,814678,2
2018:09:02:21:18:20:360,814670,814620,50
2018:09:02:21:18:20:516,814677,814620,57
2018:09:02:21:18:20:668,814679,814678,1
2018:09:02:21:18:20:795,814679,814620,59
2018:09:02:21:18:20:943,814679,814620,59
2018:09:02:21:18:21:065,814679,814620,59
2018:09:02:21:18:21:352,814802,814800,2
2018:09:02:21:18:21:561,814803,814800,3
2018:09:02:21:18:21:788,814805,814800,5
2018:09:02:21:18:23:212,814818,814810,8
2018:09:02:21:18:23:337,814815,814800,15
2018:09:02:21:18:23:479,814813,814801,12
2018:09:02:21:18:23:645,814813,814801,12
2018:09:02:21:18:23:801,814813,814711,102
2018:09:02:21:18:23:932,814796,814721,75
2018:09:02:21:18:24:031,814796,814721,75
2018:09:02:21:18:24:136,814796,814721,75
2018:09:02:21:18:24:247,814806,814751,55
2018:09:02:21:18:24:342,814793,814718,75
2018:09:02:21:18:24:472,814793,814718,75
2018:09:02:21:18:24:589,814795,814761,34
2018:09:02:21:18:24:722,814795,814761,34
2018:09:02:21:18:24:865,814795,814761,34
2018:09:02:21:18:25:123,814795,814761,34
2018:09:02:21:18:26:343,814774,814723,51
2018:09:02:21:18:27:428,814848,814801,47
2018:09:02:21:18:27:577,814790,814784,6
2018:09:02:21:18:27:731,814811,814784,27
2018:09:02:21:18:27:877,814811,814784,27
2018:09:02:21:18:28:046,814811,814784,27
2018:09:02:21:18:28:151,814811,814784,27
2018:09:02:21:18:28:255,814811,814784,27
2018:09:02:21:18:28:359,814811,814784,27
2018:09:02:21:18:28:479,814811,814784,27
2018:09:02:21:18:28:619,814811,814784,27
2018:09:02:21:18:29:906,814811,814784,27
2018:09:02:21:18:30:051,814720,814676,44
2018:09:02:21:18:30:413,814708,814691,17
2018:09:02:21:18:30:875,814695,814692,3
2018:09:02:21:18:31:145,814695,814692,3
2018:09:02:21:18:31:313,814683,814569,114
2018:09:02:21:18:31:413,814683,814569,114
2018:09:02:21:18:31:533,814683,814569,114
2018:09:02:21:18:31:667,814664,814587,77
2018:09:02:21:18:31:792,814643,814635,8
2018:09:02:21:18:31:938,814664,814587,77
2018:09:02:21:18:32:080,814643,814635,8
2018:09:02:21:18:32:207,814643,814635,8
2018:09:02:21:18:32:376,814640,814635,5
2018:09:02:21:18:32:525,814640,814635,5
2018:09:02:21:18:32:648,814657,814643,14
2018:09:02:21:18:32:856,814670,814660,10
2018:09:02:21:18:33:204,814657,814643,14
2018:09:02:21:18:33:501,814654,814645,9
2018:09:02:21:18:33:686,814691,814670,21
2018:09:02:21:18:33:841,814691,814670,21
2018:09:02:21:18:33:965,814681,814661,20
2018:09:02:21:18:34:088,814681,814661,20
2018:09:02:21:18:34:209,814681,814661,20
2018:09:02:21:18:34:317,814681,814661,20
2018:09:02:21:18:34:437,814729,814664,65
2018:09:02:21:18:34:569,814702,814664,38
2018:09:02:21:18:34:700,814702,814664,38
2018:09:02:21:18:34:824,814702,814695,7
2018:09:02:21:18:34:931,814702,814695,7
2018:09:02:21:18:35:043,814702,814695,7
2018:09:02:21:18:35:612,814699,814696,3
2018:09:02:21:18:35:787,814726,814700,26
2018:09:02:21:18:35:901,814726,814696,30
2018:09:02:21:18:36:037,814726,814702,24
2018:09:02:21:18:36:162,814715,814654,61
2018:09:02:21:18:36:284,814715,814654,61
2018:09:02:21:18:36:398,814715,814654,61
2018:09:02:21:18:36:517,814715,814654,61
2018:09:02:21:18:36:641,814783,814701,82
2018:09:02:21:18:36:783,814778,814701,77
2018:09:02:21:18:36:908,814713,814708,5
2018:09:02:21:18:37:053,814713,814708,5
2018:09:02:21:18:37:180,814713,814708,5
2018:09:02:21:18:37:304,814711,814703,8
2018:09:02:21:18:37:434,814711,814654,57
2018:09:02:21:18:37:590,814762,814734,28
2018:09:02:21:18:37:952,814762,814715,47
2018:09:02:21:18:38:112,814762,814715,47
2018:09:02:21:18:38:213,814745,814729,16
2018:09:02:21:18:38:328,814745,814729,16
2018:09:02:21:18:38:462,814708,814584,124
2018:09:02:21:18:38:620,814745,814731,14
2018:09:02:21:18:38:767,814745,814729,16
2018:09:02:21:18:38:871,814745,814731,14
2018:09:02:21:18:38:988,814744,814731,13
2018:09:02:21:18:39:104,814744,814731,13
2018:09:02:21:18:39:258,814735,814731,4
2018:09:02:21:18:39:487,814636,814633,3
2018:09:02:21:18:39:677,814636,814633,3
2018:09:02:21:18:39:827,814636,814635,1
2018:09:02:21:18:40:171,814636,814635,1
2018:09:02:21:18:40:329,814633,814628,5
2018:09:02:21:18:40:485,814636,814628,8
2018:09:02:21:18:40:599,814634,814628,6
2018:09:02:21:18:40:715,814634,814628,6
2018:09:02:21:18:40:904,814686,814631,55
2018:09:02:21:18:41:019,814686,814631,55
2018:09:02:21:18:41:253,814679,814640,39
2018:09:02:21:18:41:385,814679,814640,39
2018:09:02:21:18:41:853,814636,814614,22
2018:09:02:21:18:41:977,814683,814679,4
2018:09:02:21:18:42:077,814683,814641,42
2018:09:02:21:18:42:234,814682,814641,41
2018:09:02:21:18:42:437,814661,814641,20
2018:09:02:21:18:42:569,814682,814644,38
2018:09:02:21:18:42:702,814682,814644,38
2018:09:02:21:18:42:817,814682,814644,38
2018:09:02:21:18:42:995,814711,814702,9
2018:09:02:21:18:43:102,814682,814644,38
2018:09:02:21:18:43:252,814711,814702,9
2018:09:02:21:18:43:442,814711,814702,9
2018:09:02:21:18:43:572,814751,814722,29
2018:09:02:21:18:43:734,814751,814722,29
2018:09:02:21:18:43:842,814700,814682,18
2018:09:02:21:18:43:966,814700,814689,11
2018:09:02:21:18:44:100,814686,814669,17
2018:09:02:21:18:44:209,814686,814669,17
2018:09:02:21:18:44:626,814666,814660,6
2018:09:02:21:18:44:802,814666,814660,6
2018:09:02:21:18:44:921,814694,814690,4
2018:09:02:21:18:45:047,814699,814690,9
2018:09:02:21:18:45:184,814694,814690,4
2018:09:02:21:18:45:341,814699,814660,39
2018:09:02:21:18:45:452,814699,814660,39
2018:09:02:21:18:45:601,814699,814660,39
2018:09:02:21:18:45:797,814696,814603,93
2018:09:02:21:18:46:014,814692,814683,9
2018:09:02:21:18:46:141,814689,814683,6
2018:09:02:21:18:46:261,814689,814683,6
2018:09:02:21:18:46:401,814689,814683,6
2018:09:02:21:18:46:522,814679,814661,18
2018:09:02:21:18:46:679,814679,814661,18
2018:09:02:21:18:46:858,814693,814684,9
2018:09:02:21:18:46:977,814693,814684,9
2018:09:02:21:18:47:077,814693,814684,9
2018:09:02:21:18:47:182,814694,814684,10
2018:09:02:21:18:47:322,814694,814684,10
2018:09:02:21:18:47:436,814694,814684,10
2018:09:02:21:18:47:665,814694,814684,10
2018:09:02:21:18:47:890,814775,814689,86
2018:09:02:21:18:48:079,814677,814589,88
2018:09:02:21:18:48:206,814668,814634,34
2018:09:02:21:18:48:315,814677,814634,43
2018:09:02:21:18:48:433,814668,814634,34
2018:09:02:21:18:48:578,814668,814634,34
2018:09:02:21:18:48:686,814658,814636,22
2018:09:02:21:18:48:788,814658,814636,22
2018:09:02:21:18:48:900,814658,814636,22
2018:09:02:21:18:49:015,814635,814634,1
2018:09:02:21:18:49:132,814635,814634,1
2018:09:02:21:18:49:403,814635,814634,1
2018:09:02:21:18:49:523,814654,814637,17
2018:09:02:21:18:49:659,814654,814637,17
2018:09:02:21:18:49:787,814740,814664,76
2018:09:02:21:18:49:887,814740,814664,76
2018:09:02:21:18:50:009,814726,814648,78
2018:09:02:21:18:50:135,814726,814649,77
2018:09:02:21:18:50:264,814726,814649,77
2018:09:02:21:18:50:395,814726,814649,77
2018:09:02:21:18:50:544,814719,814704,15
2018:09:02:21:18:50:684,814719,814561,158
2018:09:02:21:18:50:824,814719,814561,158
2018:09:02:21:18:50:964,814698,814679,19
2018:09:02:21:18:51:075,814718,814701,17
2018:09:02:21:18:51:192,814698,814679,19
2018:09:02:21:18:51:526,814671,814660,11
2018:09:02:21:18:51:657,814708,814704,4
2018:09:02:21:18:51:759,814708,814704,4
2018:09:02:21:18:51:865,814669,814662,7
2018:09:02:21:18:51:982,814669,814662,7
2018:09:02:21:18:52:129,814669,814662,7
2018:09:02:21:18:52:276,814696,814660,36
2018:09:02:21:18:52:445,814668,814660,8
2018:09:02:21:18:52:569,814668,814660,8
2018:09:02:21:18:52:709,814783,814661,122
2018:09:02:21:18:53:009,814783,814661,122
2018:09:02:21:18:53:137,814811,814708,103
2018:09:02:21:18:53:279,814696,814692,4
2018:09:02:21:18:53:413,814668,814667,1
2018:09:02:21:18:53:558,814668,814667,1
2018:09:02:21:18:53:662,814668,814667,1
2018:09:02:21:18:53:811,814668,814667,1
2018:09:02:21:18:53:966,814810,814717,93
2018:09:02:21:18:54:092,814810,814717,93
2018:09:02:21:18:54:217,814780,814717,63
2018:09:02:21:18:54:352,814810,814717,93
2018:09:02:21:18:54:493,814757,814717,40
2018:09:02:21:18:54:615,814780,814717,63
2018:09:02:21:18:54:741,814780,814717,63
2018:09:02:21:18:54:865,814780,814717,63
2018:09:02:21:18:55:008,814770,814761,9
2018:09:02:21:18:55:125,814770,814761,9
2018:09:02:21:18:55:456,814755,814720,35
2018:09:02:21:18:55:633,814746,814743,3
2018:09:02:21:18:55:759,814747,814727,20
2018:09:02:21:18:55:889,814747,814727,20
2018:09:02:21:18:56:014,814747,814727,20
2018:09:02:21:18:56:150,814745,814720,25
2018:09:02:21:18:56:262,814745,814744,1
2018:09:02:21:18:56:382,814745,814744,1
2018:09:02:21:18:56:609,814766,814744,22
2018:09:02:21:18:56:743,814766,814744,22
2018:09:02:21:18:56:869,814766,814744,22
2018:09:02:21:18:56:978,814766,814745,21
2018:09:02:21:18:57:101,814808,814786,22
2018:09:02:21:18:57:234,814808,814786,22
2018:09:02:21:18:57:440,814756,814754,2
2018:09:02:21:18:57:586,814760,814753,7
2018:09:02:21:18:57:716,814765,814763,2
2018:09:02:21:18:57:857,814765,814763,2
2018:09:02:21:18:58:016,814765,814763,2
2018:09:02:21:18:58:165,814840,814766,74
2018:09:02:21:18:58:314,814840,814766,74
2018:09:02:21:18:58:440,814754,814719,35
2018:09:02:21:18:58:545,814745,814719,26
2018:09:02:21:18:58:668,814754,814719,35
2018:09:02:21:18:58:811,814745,814719,26
2018:09:02:21:18:59:054,814745,814719,26
2018:09:02:21:18:59:175,814895,814719,176
2018:09:02:21:18:59:322,814900,814785,115
2018:09:02:21:18:59:468,814900,814785,115
2018:09:02:21:18:59:634,814838,814826,12
2018:09:02:21:18:59:741,814885,814826,59
2018:09:02:21:18:59:855,814879,814826,53
2018:09:02:21:18:59:979,814879,814826,53
2018:09:02:21:19:00:093,814879,814826,53
2018:09:02:21:19:00:422,814879,814826,53
2018:09:02:21:19:00:680,814936,814829,107
2018:09:02:21:19:00:840,814936,814829,107
2018:09:02:21:19:00:991,814900,814836,64
2018:09:02:21:19:01:189,814800,814798,2
2018:09:02:21:19:01:631,814900,814836,64
2018:09:02:21:19:01:772,814910,814900,10
2018:09:02:21:19:01:890,814899,814874,25
2018:09:02:21:19:02:008,814899,814874,25
2018:09:02:21:19:02:144,814899,814874,25
2018:09:02:21:19:02:396,814910,814865,45
2018:09:02:21:19:02:551,814962,814901,61
2018:09:02:21:19:02:685,814962,814901,61
2018:09:02:21:19:02:868,814962,814901,61
2018:09:02:21:19:03:032,814950,814915,35
2018:09:02:21:19:03:152,814950,814915,35
2018:09:02:21:19:03:282,814961,814915,46
2018:09:02:21:19:03:382,814970,814962,8
2018:09:02:21:19:03:623,814970,814962,8
2018:09:02:21:19:03:763,814969,814962,7
2018:09:02:21:19:03:888,814973,814963,10
2018:09:02:21:19:04:020,814969,814962,7
2018:09:02:21:19:04:151,814969,814962,7
2018:09:02:21:19:04:255,814969,814962,7
2018:09:02:21:19:04:373,814969,814962,7
2018:09:02:21:19:04:542,814969,814963,6
2018:09:02:21:19:04:818,814969,814963,6
2018:09:02:21:19:04:949,814958,814922,36
2018:09:02:21:19:05:067,814958,814922,36
2018:09:02:21:19:05:176,814958,814922,36
2018:09:02:21:19:05:433,814958,814922,36
2018:09:02:21:19:05:559,814964,814841,123
2018:09:02:21:19:05:806,814930,814904,26
2018:09:02:21:19:06:067,814935,814923,12
2018:09:02:21:19:06:182,814946,814851,95
2018:09:02:21:19:06:303,814963,814848,115
2018:09:02:21:19:06:414,814963,814848,115
2018:09:02:21:19:06:863,814879,814873,6
2018:09:02:21:19:07:012,814929,814924,5
2018:09:02:21:19:07:187,814929,814924,5
2018:09:02:21:19:07:341,814947,814925,22
2018:09:02:21:19:07:470,814947,814925,22
2018:09:02:21:19:07:573,814947,814925,22
2018:09:02:21:19:07:690,814947,814925,22
2018:09:02:21:19:07:799,814946,814943,3
2018:09:02:21:19:07:930,815000,814995,5
2018:09:02:21:19:08:063,814946,814943,3
2018:09:02:21:19:08:204,814979,814943,36
2018:09:02:21:19:08:346,814987,814950,37
2018:09:02:21:19:08:616,814987,814950,37
2018:09:02:21:19:08:756,814962,814958,4
2018:09:02:21:19:08:858,814998,814958,40
2018:09:02:21:19:08:970,814962,814958,4
2018:09:02:21:19:09:080,814998,814958,40
2018:09:02:21:19:09:289,814962,814958,4
2018:09:02:21:19:09:418,814962,814931,31
2018:09:02:21:19:09:568,814959,814916,43
2018:09:02:21:19:09:678,814962,814881,81
2018:09:02:21:19:09:800,814946,814941,5
2018:09:02:21:19:09:904,814959,814916,43
2018:09:02:21:19:10:011,814946,814941,5
2018:09:02:21:19:10:137,814946,814941,5
2018:09:02:21:19:10:426,814946,814941,5
2018:09:02:21:19:10:556,814900,814883,17
2018:09:02:21:19:10:674,814954,814896,58
2018:09:02:21:19:10:797,814900,814883,17
2018:09:02:21:19:10:900,814954,814896,58
2018:09:02:21:19:11:016,814954,814900,54
2018:09:02:21:19:11:185,814954,814900,54
2018:09:02:21:19:11:328,814937,814905,32
2018:09:02:21:19:11:438,814977,814945,32
2018:09:02:21:19:11:551,814977,814945,32
2018:09:02:21:19:11:670,814977,814945,32
2018:09:02:21:19:11:835,815000,814945,55
2018:09:02:21:19:12:119,814946,814945,1
2018:09:02:21:19:12:278,814946,814945,1
2018:09:02:21:19:12:431,815000,814955,45
2018:09:02:21:19:12:820,814991,814955,36
2018:09:02:21:19:12:933,815000,814958,42
2018:09:02:21:19:13:085,815000,814997,3
2018:09:02:21:19:13:231,815000,814997,3
2018:09:02:21:19:13:337,815000,814993,7
2018:09:02:21:19:13:448,815000,814993,7
2018:09:02:21:19:13:608,815000,814993,7
2018:09:02:21:19:13:752,815000,814967,33
2018:09:02:21:19:13:884,815000,814997,3
2018:09:02:21:19:14:002,815000,814997,3
2018:09:02:21:19:14:198,815000,814997,3
2018:09:02:21:19:14:515,815000,814892,108
2018:09:02:21:19:14:686,815000,814996,4
2018:09:02:21:19:14:822,815000,814994,6
2018:09:02:21:19:14:916,814990,814960,30
2018:09:02:21:19:15:024,814990,814960,30
2018:09:02:21:19:15:150,814990,814960,30
2018:09:02:21:19:15:262,814990,814960,30
2018:09:02:21:19:15:383,814989,814960,29
2018:09:02:21:19:15:513,814989,814975,14
2018:09:02:21:19:15:641,814989,814975,14
2018:09:02:21:19:15:821,814989,814975,14
2018:09:02:21:19:15:932,814986,814975,11
2018:09:02:21:19:16:259,814988,814975,13
2018:09:02:21:19:16:370,814983,814975,8
2018:09:02:21:19:16:496,814983,814975,8
2018:09:02:21:19:16:622,814976,814960,16
2018:09:02:21:19:16:804,814989,814964,25
2018:09:02:21:19:16:953,814980,814960,20
2018:09:02:21:19:17:065,814975,814960,15
2018:09:02:21:19:17:164,814975,814974,1
2018:09:02:21:19:17:350,814975,814960,15
2018:09:02:21:19:17:528,814975,814974,1
2018:09:02:21:19:17:884,814977,814974,3
2018:09:02:21:19:18:093,814972,814961,11
2018:09:02:21:19:18:333,814982,814975,7
2018:09:02:21:19:18:472,814982,814975,7
2018:09:02:21:19:18:614,814997,814975,22
2018:09:02:21:19:18:750,814997,814975,22
2018:09:02:21:19:18:866,814997,814975,22
2018:09:02:21:19:18:982,815000,814978,22
2018:09:02:21:19:19:090,815000,814962,38
2018:09:02:21:19:19:210,814979,814962,17
2018:09:02:21:19:19:317,815000,814985,15
2018:09:02:21:19:19:436,815000,814985,15
2018:09:02:21:19:19:610,815000,814985,15
2018:09:02:21:19:19:728,815000,814998,2
2018:09:02:21:19:19:836,815000,814998,2
2018:09:02:21:19:19:944,815000,814998,2
2018:09:02:21:19:20:238,815000,814998,2
2018:09:02:21:19:20:514,815000,814999,1
2018:09:02:21:19:20:649,815000,814999,1
2018:09:02:21:19:20:817,815000,814999,1
2018:09:02:21:19:20:949,815000,814999,1
2018:09:02:21:19:21:108,815000,814999,1
2018:09:02:21:19:21:273,815000,814999,1
2018:09:02:21:19:21:407,815000,814999,1
2018:09:02:21:19:21:585,815000,814999,1
2018:09:02:21:19:21:740,815000,814998,2
2018:09:02:21:19:21:879,814999,814998,1
2018:09:02:21:19:22:051,815000,814998,2
2018:09:02:21:19:22:187,815001,815000,1
2018:09:02:21:19:22:343,815004,815001,3
2018:09:02:21:19:22:509,815005,815000,5
2018:09:02:21:19:22:848,815005,815000,5
2018:09:02:21:19:22:973,815019,815006,13
2018:09:02:21:19:23:100,815005,815000,5
2018:09:02:21:19:23:213,815019,815006,13
2018:09:02:21:19:23:370,815019,815006,13
2018:09:02:21:19:23:510,815019,815006,13
2018:09:02:21:19:23:638,815016,815009,7
2018:09:02:21:19:23:768,815019,815009,10
2018:09:02:21:19:23:910,815027,815012,15
2018:09:02:21:19:24:056,815027,815016,11
2018:09:02:21:19:24:358,815027,815016,11
2018:09:02:21:19:24:606,815027,815016,11
2018:09:02:21:19:24:711,815016,815015,1
2018:09:02:21:19:24:811,815027,815016,11
2018:09:02:21:19:24:997,815016,815015,1
2018:09:02:21:19:25:134,815037,815019,18
2018:09:02:21:19:25:274,815073,815030,43
2018:09:02:21:19:25:432,815073,815030,43
2018:09:02:21:19:25:577,815065,815035,30
2018:09:02:21:19:25:758,815059,815002,57
2018:09:02:21:19:25:917,815059,815002,57
2018:09:02:21:19:26:052,815050,814993,57
2018:09:02:21:19:26:183,815046,814994,52
2018:09:02:21:19:26:311,815046,815000,46
2018:09:02:21:19:26:603,815054,815000,54
2018:09:02:21:19:26:787,815000,814997,3
2018:09:02:21:19:27:005,815000,814997,3
2018:09:02:21:19:27:182,815000,814989,11
2018:09:02:21:19:27:397,815000,814989,11
2018:09:02:21:19:27:558,815005,814986,19
2018:09:02:21:19:27:708,815005,814986,19
2018:09:02:21:19:27:851,814974,814960,14
2018:09:02:21:19:27:979,814974,814960,14
2018:09:02:21:19:28:115,814974,814962,12
2018:09:02:21:19:28:217,814974,814962,12
2018:09:02:21:19:28:339,814973,814961,12
2018:09:02:21:19:28:494,814973,814961,12
2018:09:02:21:19:28:603,814973,814961,12
2018:09:02:21:19:28:704,814998,814984,14
2018:09:02:21:19:28:839,814998,814984,14
2018:09:02:21:19:28:957,814972,814963,9
2018:09:02:21:19:29:121,814972,814963,9
2018:09:02:21:19:29:442,814972,814961,11
2018:09:02:21:19:29:617,814970,814961,9
2018:09:02:21:19:29:982,814970,814961,9
2018:09:02:21:19:30:171,814967,814963,4
2018:09:02:21:19:30:414,814967,814963,4
2018:09:02:21:19:30:622,814984,814964,20
2018:09:02:21:19:30:789,814984,814964,20
2018:09:02:21:19:30:901,814984,814964,20
2018:09:02:21:19:31:036,814987,814984,3
2018:09:02:21:19:31:144,814987,814984,3
2018:09:02:21:19:31:642,814987,814984,3
2018:09:02:21:19:31:948,815000,814981,19
2018:09:02:21:19:32:106,814986,814970,16
2018:09:02:21:19:32:276,814986,814970,16
2018:09:02:21:19:32:405,814976,814972,4
2018:09:02:21:19:32:523,814976,814972,4
2018:09:02:21:19:32:660,814975,814970,5
2018:09:02:21:19:32:922,814975,814970,5
2018:09:02:21:19:33:140,814975,814970,5
2018:09:02:21:19:33:295,814975,814970,5
2018:09:02:21:19:33:430,814975,814970,5
2018:09:02:21:19:33:598,815050,814981,69
2018:09:02:21:19:33:722,815050,814981,69
2018:09:02:21:19:33:860,815050,814981,69
2018:09:02:21:19:34:001,815000,814970,30
2018:09:02:21:19:34:261,815073,814975,98
2018:09:02:21:19:34:400,814999,814988,11
2018:09:02:21:19:34:522,814999,814988,11
2018:09:02:21:19:34:680,815053,815000,53
2018:09:02:21:19:34:817,815076,815052,24
2018:09:02:21:19:34:969,814999,814994,5
2018:09:02:21:19:35:086,814999,814994,5
2018:09:02:21:19:35:193,814999,814994,5
2018:09:02:21:19:35:304,814999,814994,5
2018:09:02:21:19:35:450,814999,814994,5
2018:09:02:21:19:35:703,814999,814994,5
2018:09:02:21:19:35:998,815071,814998,73
2018:09:02:21:19:36:142,815049,815003,46
2018:09:02:21:19:36:292,815049,815003,46
2018:09:02:21:19:36:422,815049,814984,65
2018:09:02:21:19:36:605,815089,814984,105
2018:09:02:21:19:36:711,814999,814985,14
2018:09:02:21:19:36:847,815000,814985,15
2018:09:02:21:19:37:017,814996,814984,12
2018:09:02:21:19:37:278,814996,814984,12
2018:09:02:21:19:37:493,814997,814989,8
2018:09:02:21:19:37:850,814997,814989,8
2018:09:02:21:19:38:056,814989,814970,19
2018:09:02:21:19:38:177,814989,814970,19
2018:09:02:21:19:38:301,814988,814882,106
2018:09:02:21:19:38:419,814988,814882,106
2018:09:02:21:19:38:613,814960,814913,47
2018:09:02:21:19:38:944,814960,814893,67
2018:09:02:21:19:39:092,814959,814893,66
2018:09:02:21:19:39:209,814959,814893,66
2018:09:02:21:19:39:337,814959,814893,66
2018:09:02:21:19:39:576,814956,814893,63
2018:09:02:21:19:39:700,814945,814903,42
2018:09:02:21:19:39:876,814945,814903,42
2018:09:02:21:19:39:985,814946,814903,43
2018:09:02:21:19:40:098,814949,814904,45
2018:09:02:21:19:40:369,814949,814904,45
2018:09:02:21:19:40:516,814949,814894,55
2018:09:02:21:19:40:667,814950,814840,110
2018:09:02:21:19:40:820,814882,814837,45
2018:09:02:21:19:40:977,814882,814837,45
2018:09:02:21:19:41:163,814882,814837,45
2018:09:02:21:19:41:482,814857,814836,21
2018:09:02:21:19:41:645,814857,814836,21
2018:09:02:21:19:41:765,814857,814800,57
2018:09:02:21:19:41:912,814857,814800,57
2018:09:02:21:19:42:030,814857,814800,57
2018:09:02:21:19:42:141,814857,814800,57
2018:09:02:21:19:42:271,814856,814838,18
2018:09:02:21:19:42:447,814856,814838,18
2018:09:02:21:19:42:601,814856,814765,91
2018:09:02:21:19:42:826,814856,814765,91
2018:09:02:21:19:43:250,814846,814750,96
2018:09:02:21:19:43:384,814847,814724,123
2018:09:02:21:19:43:651,814854,814848,6
2018:09:02:21:19:43:881,814854,814848,6
2018:09:02:21:19:44:016,814762,814757,5
2018:09:02:21:19:44:176,814840,814812,28
2018:09:02:21:19:44:292,814822,814812,10
2018:09:02:21:19:44:397,814822,814812,10
2018:09:02:21:19:44:539,814822,814812,10
2018:09:02:21:19:44:645,814822,814812,10
2018:09:02:21:19:44:772,814813,814751,62
2018:09:02:21:19:44:904,814813,814744,69
2018:09:02:21:19:45:011,814813,814744,69
2018:09:02:21:19:45:146,814813,814744,69
2018:09:02:21:19:45:302,814813,814744,69
2018:09:02:21:19:45:732,814815,814671,144
2018:09:02:21:19:45:916,814815,814650,165
2018:09:02:21:19:46:054,814815,814650,165
2018:09:02:21:19:46:260,814744,814651,93
2018:09:02:21:19:46:414,814744,814650,94
2018:09:02:21:19:46:570,814757,814755,2
2018:09:02:21:19:46:701,814727,814651,76
2018:09:02:21:19:46:834,814757,814755,2
2018:09:02:21:19:46:947,814727,814687,40
2018:09:02:21:19:47:087,814727,814687,40
2018:09:02:21:19:47:213,814727,814687,40
2018:09:02:21:19:47:334,814734,814680,54
2018:09:02:21:19:47:480,814734,814705,29
2018:09:02:21:19:47:596,814717,814655,62
2018:09:02:21:19:48:035,814717,814655,62
2018:09:02:21:19:48:198,814710,814650,60
2018:09:02:21:19:48:351,814710,814650,60
2018:09:02:21:19:48:449,814700,814651,49
2018:09:02:21:19:48:587,814656,814651,5
2018:09:02:21:19:48:701,814656,814651,5
2018:09:02:21:19:48:884,814656,814651,5
2018:09:02:21:19:49:019,814650,814627,23
2018:09:02:21:19:49:165,814656,814651,5
2018:09:02:21:19:49:287,814646,814627,19
2018:09:02:21:19:49:430,814646,814570,76
2018:09:02:21:19:49:577,814640,814628,12
2018:09:02:21:19:49:729,814640,814544,96
2018:09:02:21:19:49:845,814640,814541,99
2018:09:02:21:19:49:967,814640,814581,59
2018:09:02:21:19:50:302,814630,814541,89
2018:09:02:21:19:50:426,814630,814541,89
2018:09:02:21:19:50:640,814630,814541,89
2018:09:02:21:19:50:777,814553,814551,2
2018:09:02:21:19:50:919,814553,814551,2
2018:09:02:21:19:51:041,814553,814551,2
2018:09:02:21:19:51:186,814553,814551,2
2018:09:02:21:19:51:355,814553,814551,2
2018:09:02:21:19:51:485,814629,814581,48
2018:09:02:21:19:51:669,814629,814581,48
2018:09:02:21:19:51:809,814629,814510,119
2018:09:02:21:19:52:097,814629,814510,119
2018:09:02:21:19:52:223,814615,814581,34
2018:09:02:21:19:52:412,814615,814581,34
2018:09:02:21:19:52:594,814615,814551,64
2018:09:02:21:19:52:779,814621,814534,87
2018:09:02:21:19:52:927,814621,814582,39
2018:09:02:21:19:53:059,814592,814591,1
2018:09:02:21:19:53:174,814592,814591,1
2018:09:02:21:19:53:314,814592,814591,1
2018:09:02:21:19:53:456,814604,814581,23
2018:09:02:21:19:53:728,814612,814588,24
2018:09:02:21:19:53:872,814612,814588,24
2018:09:02:21:19:54:010,814591,814588,3
2018:09:02:21:19:54:144,814591,814588,3
2018:09:02:21:19:54:260,814591,814588,3
2018:09:02:21:19:54:538,814591,814588,3
2018:09:02:21:19:54:656,814655,814612,43
2018:09:02:21:19:54:786,814591,814588,3
2018:09:02:21:19:54:918,814655,814612,43
2018:09:02:21:19:55:056,814655,814612,43
2018:09:02:21:19:55:215,814655,814608,47
2018:09:02:21:19:55:361,814654,814649,5
2018:09:02:21:19:55:533,814655,814649,6
2018:09:02:21:19:55:796,814654,814649,5
2018:09:02:21:19:55:965,814691,814655,36
2018:09:02:21:19:56:082,814800,814684,116
2018:09:02:21:19:56:222,814800,814721,79
2018:09:02:21:19:56:364,814800,814721,79
2018:09:02:21:19:56:471,814800,814684,116
2018:09:02:21:19:56:606,814791,814716,75
2018:09:02:21:19:56:732,814791,814716,75
2018:09:02:21:19:56:889,814791,814716,75
2018:09:02:21:19:56:999,814791,814713,78
2018:09:02:21:19:57:134,814791,814713,78
2018:09:02:21:19:57:487,814791,814713,78
2018:09:02:21:19:57:603,814772,814718,54
2018:09:02:21:19:57:828,814790,814723,67
2018:09:02:21:19:57:987,814772,814718,54
2018:09:02:21:19:58:097,814773,814725,48
2018:09:02:21:19:58:227,814763,814725,38
2018:09:02:21:19:58:334,814773,814725,48
2018:09:02:21:19:58:474,814763,814725,38
2018:09:02:21:19:58:664,814763,814725,38
2018:09:02:21:19:58:785,814794,814739,55
2018:09:02:21:19:58:941,814794,814739,55
2018:09:02:21:19:59:076,814794,814739,55
2018:09:02:21:19:59:235,814794,814739,55
2018:09:02:21:19:59:472,814691,814680,11
2018:09:02:21:19:59:657,814773,814746,27
2018:09:02:21:19:59:837,814773,814746,27
2018:09:02:21:19:59:944,814773,814746,27
2018:09:02:21:20:00:059,814773,814746,27
2018:09:02:21:20:00:248,814773,814746,27
2018:09:02:21:20:00:360,814773,814746,27
2018:09:02:21:20:00:507,814690,814683,7
2018:09:02:21:20:00:625,814690,814683,7
2018:09:02:21:20:00:785,814676,814650,26
2018:09:02:21:20:00:962,814676,814650,26
2018:09:02:21:20:01:206,814757,814616,141
2018:09:02:21:20:01:346,814740,814684,56
2018:09:02:21:20:01:480,814720,814623,97
2018:09:02:21:20:01:626,814720,814697,23
2018:09:02:21:20:01:815,814720,814697,23
2018:09:02:21:20:02:053,814704,814697,7
2018:09:02:21:20:02:189,814704,814697,7
2018:09:02:21:20:02:294,814720,814697,23
2018:09:02:21:20:02:439,814701,814698,3
2018:09:02:21:20:02:600,814701,814698,3
2018:09:02:21:20:02:693,814701,814698,3
2018:09:02:21:20:02:860,814701,814698,3
2018:09:02:21:20:02:977,814691,814628,63
2018:09:02:21:20:03:107,814691,814628,63
2018:09:02:21:20:03:209,814691,814628,63
2018:09:02:21:20:03:316,814691,814628,63
2018:09:02:21:20:03:428,814665,814628,37
2018:09:02:21:20:03:585,814665,814641,24
2018:09:02:21:20:03:738,814665,814628,37
2018:09:02:21:20:04:099,814654,814551,103
2018:09:02:21:20:04:269,814691,814628,63
2018:09:02:21:20:04:397,814638,814629,9
2018:09:02:21:20:04:599,814638,814629,9
2018:09:02:21:20:04:722,814638,814629,9
2018:09:02:21:20:04:908,814609,814591,18
2018:09:02:21:20:05:010,814609,814591,18
2018:09:02:21:20:05:104,814609,814591,18
2018:09:02:21:20:05:229,814609,814591,18
2018:09:02:21:20:05:323,814597,814585,12
2018:09:02:21:20:05:423,814597,814585,12
2018:09:02:21:20:05:637,814597,814585,12
2018:09:02:21:20:05:861,814608,814594,14
2018:09:02:21:20:06:008,814524,814510,14
2018:09:02:21:20:06:135,814524,814510,14
2018:09:02:21:20:06:289,814641,814586,55
2018:09:02:21:20:06:404,814624,814609,15
2018:09:02:21:20:06:557,814624,814609,15
2018:09:02:21:20:06:714,814624,814609,15
2018:09:02:21:20:06:939,814590,814563,27
2018:09:02:21:20:07:062,814630,814563,67
2018:09:02:21:20:07:210,814630,814563,67
2018:09:02:21:20:07:348,814630,814563,67
2018:09:02:21:20:07:448,814630,814563,67
2018:09:02:21:20:07:558,814630,814563,67
2018:09:02:21:20:07:664,814630,814563,67
2018:09:02:21:20:07:771,814630,814563,67
2018:09:02:21:20:07:880,814630,814563,67
2018:09:02:21:20:07:997,814630,814563,67
2018:09:02:21:20:08:116,814630,814563,67
2018:09:02:21:20:08:215,814630,814563,67
2018:09:02:21:20:08:311,814630,814563,67
2018:09:02:21:20:08:404,814630,814563,67
2018:09:02:21:20:08:525,814630,814563,67
2018:09:02:21:20:08:659,814630,814563,67
2018:09:02:21:20:08:924,814630,814563,67
2018:09:02:21:20:09:025,814630,814563,67
2018:09:02:21:20:09:156,814630,814563,67
2018:09:02:21:20:09:284,814630,814563,67
2018:09:02:21:20:09:412,814630,814563,67
2018:09:02:21:20:09:528,814630,814563,67
2018:09:02:21:20:09:629,814630,814563,67
2018:09:02:21:20:09:730,814630,814563,67
2018:09:02:21:20:09:826,814630,814563,67
2018:09:02:21:20:09:923,814630,814563,67
2018:09:02:21:20:10:060,814630,814563,67
2018:09:02:21:20:10:269,814630,814563,67
2018:09:02:21:20:10:377,814630,814563,67
2018:09:02:21:20:10:481,814630,814563,67
2018:09:02:21:20:10:694,814630,814563,67
2018:09:02:21:20:10:878,814630,814563,67
2018:09:02:21:20:11:020,814630,814563,67
2018:09:02:21:20:11:121,814630,814563,67
2018:09:02:21:20:11:338,814630,813450,1180
2018:09:02:21:20:11:439,814588,814422,166
2018:09:02:21:20:11:560,814629,814609,20
2018:09:02:21:20:11:690,814629,814609,20
2018:09:02:21:20:11:961,814684,814660,24
2018:09:02:21:20:12:108,814690,814619,71
2018:09:02:21:20:12:248,814690,814619,71
2018:09:02:21:20:12:416,814690,814566,124
2018:09:02:21:20:12:602,814691,814684,7
2018:09:02:21:20:12:739,814650,814570,80
2018:09:02:21:20:12:862,814512,814511,1
2018:09:02:21:20:13:030,814512,814511,1
2018:09:02:21:20:13:151,814394,814332,62
2018:09:02:21:20:13:324,814512,814500,12
2018:09:02:21:20:13:451,814394,814332,62
2018:09:02:21:20:13:600,814500,814429,71
2018:09:02:21:20:13:731,814500,814429,71
2018:09:02:21:20:13:898,814500,814429,71
2018:09:02:21:20:14:332,814290,814233,57
2018:09:02:21:20:14:505,814290,814233,57
2018:09:02:21:20:14:647,814289,814233,56
2018:09:02:21:20:14:829,814238,814233,5
2018:09:02:21:20:15:013,814237,814233,4
2018:09:02:21:20:15:305,814237,814233,4
2018:09:02:21:20:15:455,814133,814127,6
2018:09:02:21:20:15:650,814133,814127,6
2018:09:02:21:20:15:768,814282,814050,232
2018:09:02:21:20:16:021,814132,814049,83
2018:09:02:21:20:16:147,814132,814049,83
2018:09:02:21:20:16:293,814271,814195,76
2018:09:02:21:20:16:507,814271,814195,76
2018:09:02:21:20:16:916,814289,814195,94
2018:09:02:21:20:17:054,814266,814195,71
2018:09:02:21:20:17:180,814127,814123,4
2018:09:02:21:20:17:453,814263,814200,63
2018:09:02:21:20:17:622,814116,814107,9
2018:09:02:21:20:17:831,814257,814147,110
2018:09:02:21:20:17:985,814259,814147,112
2018:09:02:21:20:18:118,814259,814147,112
2018:09:02:21:20:18:254,814252,814147,105
2018:09:02:21:20:18:663,814216,814154,62
2018:09:02:21:20:18:854,814260,814236,24
2018:09:02:21:20:19:007,814241,814236,5
2018:09:02:21:20:19:129,814260,814236,24
2018:09:02:21:20:19:259,814281,814236,45
2018:09:02:21:20:19:403,814281,814236,45
2018:09:02:21:20:19:529,814390,814176,214
2018:09:02:21:20:19:772,814390,814176,214
2018:09:02:21:20:19:891,814390,814388,2
2018:09:02:21:20:20:063,814390,814388,2
2018:09:02:21:20:20:307,814390,814389,1
2018:09:02:21:20:20:641,814398,814390,8
2018:09:02:21:20:20:758,814499,814414,85
2018:09:02:21:20:20:925,814499,814389,110
2018:09:02:21:20:21:442,814480,814390,90
2018:09:02:21:20:21:608,814480,814390,90
2018:09:02:21:20:21:765,814390,814278,112
2018:09:02:21:20:21:901,814390,814278,112
2018:09:02:21:20:22:058,814444,814281,163
2018:09:02:21:20:22:179,814444,814281,163
2018:09:02:21:20:22:355,814341,814247,94
2018:09:02:21:20:22:540,814341,814247,94
2018:09:02:21:20:22:726,814303,814279,24
2018:09:02:21:20:23:003,814334,814279,55
2018:09:02:21:20:23:247,814302,814299,3
2018:09:02:21:20:23:395,814301,814256,45
2018:09:02:21:20:23:520,814295,814204,91
2018:09:02:21:20:23:665,814295,814204,91
2018:09:02:21:20:23:901,814288,814244,44
2018:09:02:21:20:24:049,814288,814244,44
2018:09:02:21:20:24:180,814288,814244,44
2018:09:02:21:20:24:343,814294,814244,50
2018:09:02:21:20:24:586,814290,814256,34
2018:09:02:21:20:24:795,814288,814247,41
2018:09:02:21:20:25:150,814257,814250,7
2018:09:02:21:20:25:273,814280,814254,26
2018:09:02:21:20:25:407,814254,814253,1
2018:09:02:21:20:25:553,814251,814248,3
2018:09:02:21:20:25:665,814251,814248,3
2018:09:02:21:20:25:791,814251,814248,3
2018:09:02:21:20:25:986,814286,814254,32
2018:09:02:21:20:26:108,814286,814254,32
2018:09:02:21:20:26:239,814276,814249,27
2018:09:02:21:20:26:363,814276,814249,27
2018:09:02:21:20:26:521,814276,814249,27
2018:09:02:21:20:26:635,814276,814249,27
2018:09:02:21:20:26:805,814382,814249,133
2018:09:02:21:20:27:178,814382,814249,133
2018:09:02:21:20:27:349,814343,814340,3
2018:09:02:21:20:27:467,814343,814340,3
2018:09:02:21:20:27:620,814343,814340,3
2018:09:02:21:20:27:737,814342,814311,31
2018:09:02:21:20:27:853,814342,814311,31
2018:09:02:21:20:27:987,814343,814297,46
2018:09:02:21:20:28:096,814343,814297,46
2018:09:02:21:20:28:205,814343,814297,46
2018:09:02:21:20:28:326,814343,814297,46
2018:09:02:21:20:28:469,814343,814297,46
2018:09:02:21:20:28:634,814368,814297,71
2018:09:02:21:20:28:886,814368,814297,71
2018:09:02:21:20:29:024,814368,814297,71
2018:09:02:21:20:29:132,814241,814197,44
2018:09:02:21:20:29:264,814241,814197,44
2018:09:02:21:20:29:376,814241,814197,44
2018:09:02:21:20:29:524,814241,814197,44
2018:09:02:21:20:29:676,814329,814179,150
2018:09:02:21:20:29:807,814197,814194,3
2018:09:02:21:20:29:908,814197,814194,3
2018:09:02:21:20:30:022,814197,814194,3
2018:09:02:21:20:30:162,814197,814189,8
2018:09:02:21:20:30:315,814197,814189,8
2018:09:02:21:20:30:447,814197,814189,8
2018:09:02:21:20:30:603,814192,814190,2
2018:09:02:21:20:30:928,814192,814190,2
2018:09:02:21:20:31:049,814191,814190,1
2018:09:02:21:20:31:262,814182,814178,4
2018:09:02:21:20:31:386,814182,814178,4
2018:09:02:21:20:31:749,814197,814188,9
2018:09:02:21:20:31:904,814197,814171,26
2018:09:02:21:20:32:032,814197,814171,26
2018:09:02:21:20:32:172,814197,814171,26
2018:09:02:21:20:32:276,814240,814192,48
2018:09:02:21:20:32:382,814240,814192,48
2018:09:02:21:20:32:534,814240,814192,48
2018:09:02:21:20:32:722,814240,814192,48
2018:09:02:21:20:33:090,814240,814192,48
2018:09:02:21:20:33:231,814239,814186,53
2018:09:02:21:20:33:347,814239,814186,53
2018:09:02:21:20:33:468,814223,814188,35
2018:09:02:21:20:33:594,814223,814188,35
2018:09:02:21:20:33:854,814232,814196,36
2018:09:02:21:20:33:979,814232,814196,36
2018:09:02:21:20:34:145,814268,814259,9
2018:09:02:21:20:34:292,814268,814259,9
2018:09:02:21:20:34:414,814284,814259,25
2018:09:02:21:20:34:594,814284,814259,25
2018:09:02:21:20:34:753,814258,814237,21
2018:09:02:21:20:35:203,814258,814237,21
2018:09:02:21:20:35:349,814357,814260,97
2018:09:02:21:20:35:485,814357,814267,90
2018:09:02:21:20:35:649,814357,814276,81
2018:09:02:21:20:35:762,814357,814267,90
2018:09:02:21:20:35:900,814354,814282,72
2018:09:02:21:20:36:029,814354,814282,72
2018:09:02:21:20:36:138,814354,814282,72
2018:09:02:21:20:36:251,814367,814289,78
2018:09:02:21:20:36:603,814367,814289,78
2018:09:02:21:20:36:714,814364,814309,55
2018:09:02:21:20:36:844,814364,814309,55
2018:09:02:21:20:36:967,814364,814305,59
2018:09:02:21:20:37:294,814386,814313,73
2018:09:02:21:20:37:437,814386,814304,82
2018:09:02:21:20:37:602,814383,814328,55
2018:09:02:21:20:37:709,814383,814328,55
2018:09:02:21:20:37:827,814389,814358,31
2018:09:02:21:20:37:972,814383,814328,55
2018:09:02:21:20:38:098,814364,814361,3
2018:09:02:21:20:38:260,814364,814359,5
2018:09:02:21:20:38:380,814364,814361,3
2018:09:02:21:20:38:569,814364,814361,3
2018:09:02:21:20:38:679,814386,814384,2
2018:09:02:21:20:38:819,814386,814384,2
2018:09:02:21:20:38:990,814386,814384,2
2018:09:02:21:20:39:444,814386,814384,2
2018:09:02:21:20:39:583,814422,814387,35
2018:09:02:21:20:39:723,814422,814390,32
2018:09:02:21:20:39:882,814422,814390,32
2018:09:02:21:20:40:023,814419,814390,29
2018:09:02:21:20:40:189,814419,814390,29
2018:09:02:21:20:40:332,814424,814391,33
2018:09:02:21:20:40:518,814414,814395,19
2018:09:02:21:20:40:858,814414,814395,19
2018:09:02:21:20:41:071,814441,814398,43
2018:09:02:21:20:41:441,814441,814398,43
2018:09:02:21:20:41:580,814488,814414,74
2018:09:02:21:20:41:738,814439,814405,34
2018:09:02:21:20:41:948,814436,814415,21
2018:09:02:21:20:42:268,814436,814415,21
2018:09:02:21:20:42:465,814487,814418,69
2018:09:02:21:20:42:590,814433,814415,18
2018:09:02:21:20:42:712,814433,814415,18
2018:09:02:21:20:42:875,814433,814430,3
2018:09:02:21:20:43:053,814430,814392,38
2018:09:02:21:20:43:175,814430,814392,38
2018:09:02:21:20:43:278,814493,814455,38
2018:09:02:21:20:43:403,814493,814455,38
2018:09:02:21:20:43:515,814493,814488,5
2018:09:02:21:20:43:778,814493,814488,5
2018:09:02:21:20:44:091,814493,814488,5
2018:09:02:21:20:44:211,814490,814488,2
2018:09:02:21:20:44:335,814498,814488,10
2018:09:02:21:20:44:437,814498,814488,10
2018:09:02:21:20:44:543,814498,814488,10
2018:09:02:21:20:45:402,814490,814488,2
2018:09:02:21:20:45:729,814478,814467,11
2018:09:02:21:20:45:997,814512,814493,19
2018:09:02:21:20:46:210,814512,814493,19
2018:09:02:21:20:46:412,814513,814493,20
2018:09:02:21:20:46:601,814513,814493,20
2018:09:02:21:20:46:768,814528,814479,49
2018:09:02:21:20:46:908,814510,814480,30
2018:09:02:21:20:47:103,814510,814471,39
2018:09:02:21:20:47:249,814510,814471,39
2018:09:02:21:20:47:360,814521,814485,36
2018:09:02:21:20:47:522,814521,814485,36
2018:09:02:21:20:47:665,814521,814485,36
2018:09:02:21:20:47:825,814592,814485,107
2018:09:02:21:20:47:988,814521,814485,36
2018:09:02:21:20:48:133,814510,814497,13
2018:09:02:21:20:48:256,814521,814485,36
2018:09:02:21:20:48:415,814544,814517,27
2018:09:02:21:20:48:731,814544,814517,27
2018:09:02:21:20:48:873,814577,814574,3
2018:09:02:21:20:48:982,814577,814574,3
2018:09:02:21:20:49:142,814577,814574,3
2018:09:02:21:20:49:253,814577,814574,3
2018:09:02:21:20:49:364,814577,814575,2
2018:09:02:21:20:49:518,814577,814574,3
2018:09:02:21:20:49:660,814596,814577,19
2018:09:02:21:20:49:789,814594,814577,17
2018:09:02:21:20:49:911,814582,814578,4
2018:09:02:21:20:50:045,814596,814578,18
2018:09:02:21:20:50:176,814596,814578,18
2018:09:02:21:20:50:428,814596,814578,18
2018:09:02:21:20:50:614,814596,814578,18
2018:09:02:21:20:50:745,814596,814578,18
2018:09:02:21:20:50:853,814596,814579,17
2018:09:02:21:20:51:007,814593,814582,11
2018:09:02:21:20:51:120,814593,814582,11
2018:09:02:21:20:51:261,814593,814582,11
2018:09:02:21:20:51:386,814593,814582,11
2018:09:02:21:20:51:509,814593,814582,11
2018:09:02:21:20:51:679,814587,814582,5
2018:09:02:21:20:51:840,814586,814583,3
2018:09:02:21:20:51:975,814586,814583,3
2018:09:02:21:20:52:094,814586,814583,3
2018:09:02:21:20:52:206,814586,814583,3
2018:09:02:21:20:52:343,814586,814580,6
2018:09:02:21:20:52:482,814586,814577,9
2018:09:02:21:20:52:672,814604,814585,19
2018:09:02:21:20:52:854,814592,814580,12
2018:09:02:21:20:53:040,814592,814585,7
2018:09:02:21:20:53:166,814604,814585,19
2018:09:02:21:20:53:292,814604,814578,26
2018:09:02:21:20:53:718,814604,814585,19
2018:09:02:21:20:53:921,814589,814586,3
2018:09:02:21:20:54:124,814603,814596,7
2018:09:02:21:20:54:326,814603,814601,2
2018:09:02:21:20:54:507,814603,814601,2
2018:09:02:21:20:54:662,814694,814691,3
2018:09:02:21:20:54:836,814708,814626,82
2018:09:02:21:20:54:944,814693,814626,67
2018:09:02:21:20:55:062,814700,814626,74
2018:09:02:21:20:55:189,814700,814626,74
2018:09:02:21:20:55:292,814642,814633,9
2018:09:02:21:20:55:531,814642,814633,9
2018:09:02:21:20:55:720,814748,814700,48
2018:09:02:21:20:55:920,814748,814700,48
2018:09:02:21:20:56:364,814749,814731,18
2018:09:02:21:20:56:518,814749,814748,1
2018:09:02:21:20:56:637,814749,814748,1
2018:09:02:21:20:56:808,814749,814748,1
2018:09:02:21:20:56:925,814735,814734,1
2018:09:02:21:20:57:053,814749,814734,15
2018:09:02:21:20:57:161,814749,814748,1
2018:09:02:21:20:57:282,814749,814748,1
2018:09:02:21:20:57:438,814749,814748,1
2018:09:02:21:20:57:595,814757,814749,8
2018:09:02:21:20:57:770,814757,814749,8
2018:09:02:21:20:57:895,814757,814749,8
2018:09:02:21:20:58:053,814757,814749,8
2018:09:02:21:20:58:255,814789,814752,37
2018:09:02:21:20:58:432,814789,814780,9
2018:09:02:21:20:58:551,814789,814780,9
2018:09:02:21:20:58:735,814784,814780,4
2018:09:02:21:20:59:073,814784,814780,4
2018:09:02:21:20:59:185,814784,814780,4
2018:09:02:21:20:59:325,814774,814741,33
2018:09:02:21:20:59:445,814792,814785,7
2018:09:02:21:20:59:559,814800,814785,15
2018:09:02:21:20:59:774,814790,814741,49
2018:09:02:21:20:59:890,814800,814789,11
2018:09:02:21:21:00:084,814800,814789,11
2018:09:02:21:21:00:214,814800,814796,4
2018:09:02:21:21:00:336,814799,814797,2
2018:09:02:21:21:00:461,814800,814796,4
2018:09:02:21:21:00:675,814800,814789,11
2018:09:02:21:21:01:023,814799,814789,10
2018:09:02:21:21:01:187,814837,814808,29
2018:09:02:21:21:01:322,814800,814798,2
2018:09:02:21:21:01:430,814837,814808,29
2018:09:02:21:21:01:609,814840,814808,32
2018:09:02:21:21:01:756,814840,814808,32
2018:09:02:21:21:01:965,814890,814808,82
2018:09:02:21:21:02:158,814929,814809,120
2018:09:02:21:21:02:262,814929,814809,120
2018:09:02:21:21:02:408,814929,814809,120
2018:09:02:21:21:02:553,814940,814811,129
2018:09:02:21:21:02:709,814940,814811,129
2018:09:02:21:21:03:075,814940,814811,129
2018:09:02:21:21:03:217,814849,814845,4
2018:09:02:21:21:03:361,814849,814845,4
2018:09:02:21:21:03:543,814903,814852,51
2018:09:02:21:21:03:664,814911,814855,56
2018:09:02:21:21:03:820,814911,814862,49
2018:09:02:21:21:03:924,814974,814973,1
2018:09:02:21:21:04:090,814974,814973,1
2018:09:02:21:21:04:217,814974,814973,1
2018:09:02:21:21:04:337,814994,814863,131
2018:09:02:21:21:04:465,814972,814911,61
2018:09:02:21:21:04:616,814972,814911,61
2018:09:02:21:21:04:844,814972,814911,61
2018:09:02:21:21:05:022,814929,814912,17
2018:09:02:21:21:05:157,814936,814912,24
2018:09:02:21:21:05:254,814929,814912,17
2018:09:02:21:21:05:361,814936,814912,24
2018:09:02:21:21:05:495,814991,814929,62
2018:09:02:21:21:05:608,814991,814929,62
2018:09:02:21:21:05:811,815050,814929,121
2018:09:02:21:21:05:976,814963,814929,34
2018:09:02:21:21:06:132,814963,814929,34
2018:09:02:21:21:06:309,815095,814930,165
2018:09:02:21:21:06:455,815138,814962,176
2018:09:02:21:21:06:590,815138,814962,176
2018:09:02:21:21:06:891,815163,815000,163
2018:09:02:21:21:07:071,815194,815000,194
2018:09:02:21:21:07:221,815034,814982,52
2018:09:02:21:21:07:352,815034,814982,52
2018:09:02:21:21:07:490,815034,815006,28
2018:09:02:21:21:07:636,815034,815006,28
2018:09:02:21:21:07:812,815213,815146,67
2018:09:02:21:21:07:980,815213,815146,67
2018:09:02:21:21:08:130,815067,815030,37
2018:09:02:21:21:08:284,815033,815030,3
2018:09:02:21:21:08:446,815067,815030,37
2018:09:02:21:21:08:568,815195,815153,42
2018:09:02:21:21:08:692,815242,815156,86
2018:09:02:21:21:09:027,815242,815156,86
2018:09:02:21:21:09:187,815242,815156,86
2018:09:02:21:21:09:355,815214,815151,63
2018:09:02:21:21:09:557,815187,815157,30
2018:09:02:21:21:09:685,815187,815166,21
2018:09:02:21:21:09:825,815187,815172,15
2018:09:02:21:21:09:997,815187,815172,15
2018:09:02:21:21:10:138,815187,815172,15
2018:09:02:21:21:10:291,815187,815172,15
2018:09:02:21:21:10:415,815248,815183,65
2018:09:02:21:21:10:536,815299,815172,127
2018:09:02:21:21:10:661,815299,815172,127
2018:09:02:21:21:10:783,815299,815183,116
2018:09:02:21:21:11:055,815290,815183,107
2018:09:02:21:21:11:194,815287,815221,66
2018:09:02:21:21:11:328,815287,815214,73
2018:09:02:21:21:11:431,815287,815221,66
2018:09:02:21:21:11:596,815287,815221,66
2018:09:02:21:21:11:772,815264,815231,33
2018:09:02:21:21:11:913,815264,815231,33
2018:09:02:21:21:12:024,815264,815239,25
2018:09:02:21:21:12:153,815264,815231,33
2018:09:02:21:21:12:265,815264,815239,25
2018:09:02:21:21:12:384,815264,815239,25
2018:09:02:21:21:12:552,815332,815264,68
2018:09:02:21:21:12:873,815332,815264,68
2018:09:02:21:21:13:017,815341,815275,66
2018:09:02:21:21:13:122,815341,815275,66
2018:09:02:21:21:13:240,815400,815275,125
2018:09:02:21:21:13:358,815298,815285,13
2018:09:02:21:21:13:473,815298,815285,13
2018:09:02:21:21:13:605,815298,815285,13
2018:09:02:21:21:13:743,815298,815285,13
2018:09:02:21:21:13:887,815303,815285,18
2018:09:02:21:21:13:994,815388,815306,82
2018:09:02:21:21:14:141,815388,815306,82
2018:09:02:21:21:14:252,815399,815337,62
2018:09:02:21:21:14:372,815399,815337,62
2018:09:02:21:21:14:540,815446,815347,99
2018:09:02:21:21:14:841,815398,815344,54
2018:09:02:21:21:14:964,815485,815450,35
2018:09:02:21:21:15:096,815500,815450,50
2018:09:02:21:21:15:200,815500,815494,6
2018:09:02:21:21:15:364,815500,815494,6
2018:09:02:21:21:15:491,815500,815494,6
2018:09:02:21:21:15:604,815490,815461,29
2018:09:02:21:21:15:745,815500,815494,6
2018:09:02:21:21:15:887,815500,815495,5
2018:09:02:21:21:16:008,815500,815495,5
2018:09:02:21:21:16:135,815500,815495,5
2018:09:02:21:21:16:239,815500,815495,5
2018:09:02:21:21:16:361,815500,815495,5
2018:09:02:21:21:16:511,815500,815495,5
2018:09:02:21:21:16:706,815500,815495,5
2018:09:02:21:21:16:954,815489,815464,25
2018:09:02:21:21:17:209,815489,815464,25
2018:09:02:21:21:17:336,815500,815462,38
2018:09:02:21:21:17:493,815500,815462,38
2018:09:02:21:21:17:632,815504,815500,4
2018:09:02:21:21:17:780,815528,815500,28
2018:09:02:21:21:17:918,815504,815500,4
2018:09:02:21:21:18:033,815528,815500,28
2018:09:02:21:21:18:147,815528,815500,28
2018:09:02:21:21:18:277,815525,815510,15
2018:09:02:21:21:18:718,815523,815510,13
2018:09:02:21:21:18:852,815523,815510,13
2018:09:02:21:21:18:978,815523,815510,13
2018:09:02:21:21:19:104,815523,815510,13
2018:09:02:21:21:19:249,815523,815510,13
2018:09:02:21:21:19:364,815523,815510,13
2018:09:02:21:21:19:607,815526,815511,15
2018:09:02:21:21:19:786,815635,815513,122
2018:09:02:21:21:19:940,815635,815513,122
2018:09:02:21:21:20:410,815635,815523,112
2018:09:02:21:21:20:638,815608,815538,70
2018:09:02:21:21:20:770,815670,815665,5
2018:09:02:21:21:20:926,815608,815538,70
2018:09:02:21:21:21:131,815670,815665,5
2018:09:02:21:21:21:251,815744,815665,79
2018:09:02:21:21:21:387,815744,815665,79
2018:09:02:21:21:21:513,815776,815635,141
2018:09:02:21:21:21:665,815776,815635,141
2018:09:02:21:21:21:857,815776,815635,141
2018:09:02:21:21:22:051,815801,815552,249
2018:09:02:21:21:22:252,815737,815668,69
2018:09:02:21:21:22:794,815743,815668,75
2018:09:02:21:21:22:933,815743,815668,75
2018:09:02:21:21:23:134,815743,815539,204
2018:09:02:21:21:23:292,815743,815539,204
2018:09:02:21:21:23:462,815832,815701,131
2018:09:02:21:21:23:710,815832,815701,131
2018:09:02:21:21:23:889,815742,815688,54
2018:09:02:21:21:24:077,815742,815688,54
2018:09:02:21:21:24:223,815742,815682,60
2018:09:02:21:21:24:407,815742,815682,60
2018:09:02:21:21:24:603,815733,815702,31
2018:09:02:21:21:24:739,815733,815702,31
2018:09:02:21:21:24:844,815733,815702,31
2018:09:02:21:21:24:974,815733,815702,31
2018:09:02:21:21:25:240,815725,815682,43
2018:09:02:21:21:25:389,815688,815682,6
2018:09:02:21:21:25:536,815688,815534,154
2018:09:02:21:21:25:688,815688,815523,165
2018:09:02:21:21:25:833,815688,815534,154
2018:09:02:21:21:25:978,815650,815451,199
2018:09:02:21:21:26:154,815650,815451,199
2018:09:02:21:21:26:274,815649,815561,88
2018:09:02:21:21:26:376,815649,815561,88
2018:09:02:21:21:26:528,815681,815635,46
2018:09:02:21:21:26:667,815687,815451,236
2018:09:02:21:21:26:839,815687,815451,236
2018:09:02:21:21:27:014,815687,815451,236
2018:09:02:21:21:27:150,815699,815451,248
2018:09:02:21:21:27:282,815699,815451,248
2018:09:02:21:21:27:418,815649,815150,499
2018:09:02:21:21:27:690,815649,815150,499
2018:09:02:21:21:27:977,815649,815150,499
2018:09:02:21:21:28:194,815543,815059,484
2018:09:02:21:21:28:326,815418,815401,17
2018:09:02:21:21:28:496,815418,815401,17
2018:09:02:21:21:28:632,815649,815516,133
2018:09:02:21:21:28:788,815418,815401,17
2018:09:02:21:21:28:968,815649,815516,133
2018:09:02:21:21:29:380,815491,815401,90
2018:09:02:21:21:29:535,815220,815214,6
2018:09:02:21:21:29:694,815466,815457,9
2018:09:02:21:21:29:864,815466,815457,9
2018:09:02:21:21:30:008,815414,815345,69
2018:09:02:21:21:30:146,815470,815345,125
2018:09:02:21:21:30:287,815414,815244,170
2018:09:02:21:21:30:451,815414,815244,170
2018:09:02:21:21:30:630,815490,815244,246
2018:09:02:21:21:30:780,815219,815212,7
2018:09:02:21:21:30:906,815219,815212,7
2018:09:02:21:21:31:038,815421,815304,117
2018:09:02:21:21:31:596,815421,815304,117
2018:09:02:21:21:31:748,815295,815060,235
2018:09:02:21:21:31:992,815371,815354,17
2018:09:02:21:21:32:137,815260,815254,6
2018:09:02:21:21:32:323,815262,815254,8
2018:09:02:21:21:32:475,815271,815254,17
2018:09:02:21:21:32:691,815322,815252,70
2018:09:02:21:21:32:813,815250,815222,28
2018:09:02:21:21:32:934,815250,815222,28
2018:09:02:21:21:33:048,815250,815219,31
2018:09:02:21:21:33:148,815250,815229,21
2018:09:02:21:21:33:292,815250,815229,21
2018:09:02:21:21:33:429,815250,815229,21
2018:09:02:21:21:33:749,815292,815270,22
2018:09:02:21:21:34:122,815259,815157,102
2018:09:02:21:21:34:304,815270,815227,43
2018:09:02:21:21:34:481,815295,815240,55
2018:09:02:21:21:34:607,815295,815240,55
2018:09:02:21:21:34:756,815247,815240,7
2018:09:02:21:21:34:879,815250,815218,32
2018:09:02:21:21:35:005,815219,815218,1
2018:09:02:21:21:35:207,815219,815218,1
2018:09:02:21:21:35:338,815250,815108,142
2018:09:02:21:21:35:610,815250,815108,142
2018:09:02:21:21:35:767,815242,815241,1
2018:09:02:21:21:35:928,815242,815218,24
2018:09:02:21:21:36:140,815242,815241,1
2018:09:02:21:21:36:437,815208,815117,91
2018:09:02:21:21:36:590,815208,815117,91
2018:09:02:21:21:36:705,815184,815183,1
2018:09:02:21:21:36:873,815184,815183,1
2018:09:02:21:21:37:008,815184,815183,1
2018:09:02:21:21:37:129,815178,815041,137
2018:09:02:21:21:37:262,815183,815046,137
2018:09:02:21:21:37:387,815178,815041,137
2018:09:02:21:21:37:531,815146,815046,100
2018:09:02:21:21:37:668,815146,815046,100
2018:09:02:21:21:37:838,815146,815000,146
2018:09:02:21:21:38:038,815146,815000,146
2018:09:02:21:21:38:145,815146,815000,146
2018:09:02:21:21:38:274,815139,815009,130
2018:09:02:21:21:38:405,815139,815009,130
2018:09:02:21:21:38:589,815139,815009,130
2018:09:02:21:21:38:876,815135,815000,135
2018:09:02:21:21:39:024,815135,815000,135
2018:09:02:21:21:39:123,815135,815000,135
2018:09:02:21:21:39:231,815135,815000,135
2018:09:02:21:21:39:353,815135,815000,135
2018:09:02:21:21:39:510,815135,815000,135
2018:09:02:21:21:39:634,815135,815000,135
2018:09:02:21:21:39:803,815141,815001,140
2018:09:02:21:21:39:982,815141,815001,140
2018:09:02:21:21:40:372,815141,815001,140
2018:09:02:21:21:40:534,815114,815000,114
2018:09:02:21:21:40:674,815114,815001,113
2018:09:02:21:21:40:803,815114,815000,114
2018:09:02:21:21:41:034,815114,815000,114
2018:09:02:21:21:41:212,815116,815102,14
2018:09:02:21:21:41:357,815010,815000,10
2018:09:02:21:21:41:504,815131,815100,31
2018:09:02:21:21:41:681,815131,815100,31
2018:09:02:21:21:41:818,815111,815100,11
2018:09:02:21:21:41:968,815178,815100,78
2018:09:02:21:21:42:084,815169,815101,68
2018:09:02:21:21:42:459,815178,815101,77
2018:09:02:21:21:42:635,815159,815121,38
2018:09:02:21:21:42:785,815168,815122,46
2018:09:02:21:21:42:915,815168,815122,46
2018:09:02:21:21:43:110,815168,815122,46
2018:09:02:21:21:43:283,815168,815128,40
2018:09:02:21:21:43:430,815168,815128,40
2018:09:02:21:21:43:567,815168,815122,46
2018:09:02:21:21:43:722,815180,815122,58
2018:09:02:21:21:43:856,815180,815122,58
2018:09:02:21:21:43:978,815180,815122,58
2018:09:02:21:21:44:130,815180,815122,58
2018:09:02:21:21:44:253,815183,815132,51
2018:09:02:21:21:44:635,815207,815184,23
2018:09:02:21:21:44:795,815207,815184,23
2018:09:02:21:21:44:948,815218,815188,30
2018:09:02:21:21:45:078,815218,815188,30
2018:09:02:21:21:45:183,815218,815188,30
2018:09:02:21:21:45:297,815218,815188,30
2018:09:02:21:21:45:415,815222,815184,38
2018:09:02:21:21:45:521,815222,815184,38
2018:09:02:21:21:45:632,815222,815184,38
2018:09:02:21:21:45:926,815222,815184,38
2018:09:02:21:21:46:073,815222,815184,38
2018:09:02:21:21:46:188,815242,815142,100
2018:09:02:21:21:46:323,815236,815231,5
2018:09:02:21:21:46:597,815242,815234,8
2018:09:02:21:21:46:757,815242,815234,8
2018:09:02:21:21:46:922,815242,815234,8
2018:09:02:21:21:47:038,815315,815234,81
2018:09:02:21:21:47:178,815239,815234,5
2018:09:02:21:21:47:318,815239,815234,5
2018:09:02:21:21:47:440,815239,815234,5
2018:09:02:21:21:47:642,815293,815237,56
2018:09:02:21:21:47:776,815293,815237,56
2018:09:02:21:21:47:973,815300,815242,58
2018:09:02:21:21:48:088,815300,815242,58
2018:09:02:21:21:48:232,815286,815242,44
2018:09:02:21:21:49:060,815286,815242,44
2018:09:02:21:21:49:183,815272,815250,22
2018:09:02:21:21:49:313,815250,815245,5
2018:09:02:21:21:49:433,815250,815244,6
2018:09:02:21:21:49:744,815250,815245,5
2018:09:02:21:21:49:914,815250,815245,5
2018:09:02:21:21:50:042,815300,815299,1
2018:09:02:21:21:50:150,815286,815245,41
2018:09:02:21:21:50:276,815286,815245,41
2018:09:02:21:21:50:398,815300,815299,1
2018:09:02:21:21:50:572,815300,815299,1
2018:09:02:21:21:50:740,815300,815299,1
2018:09:02:21:21:50:868,815300,815299,1
2018:09:02:21:21:51:009,815300,815299,1
2018:09:02:21:21:51:197,815277,815275,2
2018:09:02:21:21:51:321,815277,815275,2
2018:09:02:21:21:51:466,815277,815275,2
2018:09:02:21:21:51:579,815405,815275,130
2018:09:02:21:21:51:694,815405,815275,130
2018:09:02:21:21:52:174,815303,815301,2
2018:09:02:21:21:52:303,815303,815300,3
2018:09:02:21:21:52:472,815416,815388,28
2018:09:02:21:21:52:693,815387,815316,71
2018:09:02:21:21:52:852,815387,815327,60
2018:09:02:21:21:53:042,815387,815358,29
2018:09:02:21:21:53:207,815399,815389,10
2018:09:02:21:21:53:331,815399,815389,10
2018:09:02:21:21:53:589,815399,815389,10
2018:09:02:21:21:53:707,815399,815389,10
2018:09:02:21:21:53:827,815391,815390,1
2018:09:02:21:21:53:994,815391,815390,1
2018:09:02:21:21:54:105,815467,815396,71
2018:09:02:21:21:54:230,815391,815390,1
2018:09:02:21:21:54:365,815391,815390,1
2018:09:02:21:21:54:502,815448,815411,37
2018:09:02:21:21:54:650,815448,815411,37
2018:09:02:21:21:54:784,815448,815405,43
2018:09:02:21:21:54:930,815415,815405,10
2018:09:02:21:21:55:109,815470,815416,54
2018:09:02:21:21:55:279,815470,815416,54
2018:09:02:21:21:55:667,815451,815418,33
2018:09:02:21:21:55:806,815451,815418,33
2018:09:02:21:21:55:922,815464,815417,47
2018:09:02:21:21:56:052,815464,815418,46
2018:09:02:21:21:56:173,815469,815417,52
2018:09:02:21:21:56:302,815469,815417,52
2018:09:02:21:21:56:405,815469,815419,50
2018:09:02:21:21:56:521,815469,815419,50
2018:09:02:21:21:56:668,815469,815419,50
2018:09:02:21:21:56:782,815469,815419,50
2018:09:02:21:21:56:918,815463,815424,39
2018:09:02:21:21:57:053,815463,815426,37
2018:09:02:21:21:57:158,815463,815425,38
2018:09:02:21:21:57:385,815463,815425,38
2018:09:02:21:21:57:520,815459,815429,30
2018:09:02:21:21:57:682,815459,815429,30
2018:09:02:21:21:57:846,815459,815429,30
2018:09:02:21:21:57:942,815419,815300,119
2018:09:02:21:21:58:059,815365,815300,65
2018:09:02:21:21:58:252,815365,815300,65
2018:09:02:21:21:58:852,815389,815311,78
2018:09:02:21:21:59:065,815348,815319,29
2018:09:02:21:21:59:187,815348,815305,43
2018:09:02:21:21:59:290,815345,815327,18
2018:09:02:21:21:59:440,815345,815327,18
2018:09:02:21:21:59:564,815345,815305,40
2018:09:02:21:21:59:694,815345,815327,18
2018:09:02:21:22:00:046,815345,815327,18
2018:09:02:21:22:00:239,815351,815327,24
2018:09:02:21:22:00:371,815351,815327,24
2018:09:02:21:22:00:582,815351,815327,24
2018:09:02:21:22:00:699,815342,815327,15
2018:09:02:21:22:00:855,815342,815327,15
2018:09:02:21:22:01:081,815342,815332,10
2018:09:02:21:22:01:333,815447,815337,110
2018:09:02:21:22:01:482,815447,815337,110
2018:09:02:21:22:01:622,815442,815374,68
2018:09:02:21:22:01:974,815390,815386,4
2018:09:02:21:22:02:116,815390,815386,4
2018:09:02:21:22:02:238,815390,815387,3
2018:09:02:21:22:02:407,815390,815387,3
2018:09:02:21:22:02:663,815334,815300,34
2018:09:02:21:22:02:827,815334,815300,34
2018:09:02:21:22:02:930,815276,815248,28
2018:09:02:21:22:03:129,815276,815248,28
2018:09:02:21:22:03:378,815276,815248,28
2018:09:02:21:22:03:481,815495,815248,247
2018:09:02:21:22:03:597,815495,815248,247
2018:09:02:21:22:03:722,815495,815248,247
2018:09:02:21:22:04:118,815495,815248,247
2018:09:02:21:22:04:241,815333,815265,68
2018:09:02:21:22:04:421,815286,815259,27
2018:09:02:21:22:04:566,815286,815259,27
2018:09:02:21:22:04:729,815311,815272,39
2018:09:02:21:22:04:866,815311,815272,39
2018:09:02:21:22:05:008,815311,815306,5
2018:09:02:21:22:05:116,815321,815318,3
2018:09:02:21:22:05:269,815321,815319,2
2018:09:02:21:22:05:388,815321,815320,1
2018:09:02:21:22:05:491,815321,815320,1
2018:09:02:21:22:05:605,815321,815320,1
2018:09:02:21:22:05:722,815321,815320,1
2018:09:02:21:22:05:832,815321,815320,1
2018:09:02:21:22:06:173,815327,815321,6
2018:09:02:21:22:06:324,815386,815323,63
2018:09:02:21:22:06:434,815386,815307,79
2018:09:02:21:22:06:599,815376,815306,70
2018:09:02:21:22:06:936,815376,815324,52
2018:09:02:21:22:07:048,815300,815273,27
2018:09:02:21:22:07:202,815300,815276,24
2018:09:02:21:22:07:451,815300,815259,41
2018:09:02:21:22:07:661,815411,815272,139
2018:09:02:21:22:07:936,815427,815418,9
2018:09:02:21:22:08:044,815290,815289,1
2018:09:02:21:22:08:159,815290,815289,1
2018:09:02:21:22:08:276,815290,815289,1
2018:09:02:21:22:08:414,815290,815289,1
2018:09:02:21:22:08:585,815290,815289,1
2018:09:02:21:22:08:826,815290,815289,1
2018:09:02:21:22:09:011,815290,815280,10
2018:09:02:21:22:09:117,815290,815272,18
2018:09:02:21:22:09:246,815290,815273,17
2018:09:02:21:22:09:360,815290,815273,17
2018:09:02:21:22:09:474,815290,815273,17
2018:09:02:21:22:09:581,815289,815281,8
2018:09:02:21:22:09:729,815289,815281,8
2018:09:02:21:22:09:866,815289,815281,8
2018:09:02:21:22:10:074,815300,815286,14
2018:09:02:21:22:10:183,815300,815286,14
2018:09:02:21:22:10:307,815300,815249,51
2018:09:02:21:22:10:571,815289,815271,18
2018:09:02:21:22:10:758,815300,815271,29
2018:09:02:21:22:10:946,815293,815271,22
2018:09:02:21:22:11:196,815293,815271,22
2018:09:02:21:22:11:318,815297,815251,46
2018:09:02:21:22:11:454,815297,815251,46
2018:09:02:21:22:11:570,815297,815251,46
2018:09:02:21:22:11:705,815294,815276,18
2018:09:02:21:22:11:819,815294,815276,18
2018:09:02:21:22:11:956,815299,815298,1
2018:09:02:21:22:12:131,815299,815298,1
2018:09:02:21:22:12:257,815299,815298,1
2018:09:02:21:22:12:470,815299,815298,1
2018:09:02:21:22:13:075,815289,815273,16
2018:09:02:21:22:13:243,815332,815289,43
2018:09:02:21:22:13:388,815300,815286,14
2018:09:02:21:22:13:554,815300,815296,4
2018:09:02:21:22:13:733,815300,815286,14
2018:09:02:21:22:13:859,815310,815296,14
2018:09:02:21:22:13:984,815310,815301,9
2018:09:02:21:22:14:081,815310,815301,9
2018:09:02:21:22:14:230,815329,815315,14
2018:09:02:21:22:14:338,815329,815315,14
2018:09:02:21:22:14:462,815329,815315,14
2018:09:02:21:22:14:649,815322,815320,2
2018:09:02:21:22:14:782,815322,815320,2
2018:09:02:21:22:14:941,815322,815320,2
2018:09:02:21:22:15:068,815322,815320,2
2018:09:02:21:22:15:195,815322,815320,2
2018:09:02:21:22:15:300,815322,815320,2
2018:09:02:21:22:15:414,815322,815320,2
2018:09:02:21:22:15:534,815331,815325,6
2018:09:02:21:22:15:779,815331,815325,6
2018:09:02:21:22:15:898,815331,815320,11
2018:09:02:21:22:16:002,815331,815321,10
2018:09:02:21:22:16:166,815328,815320,8
2018:09:02:21:22:16:272,815328,815320,8
2018:09:02:21:22:16:404,815328,815320,8
2018:09:02:21:22:16:517,815328,815320,8
2018:09:02:21:22:16:627,815328,815324,4
2018:09:02:21:22:16:774,815328,815324,4
2018:09:02:21:22:17:003,815322,815305,17
2018:09:02:21:22:17:159,815319,815305,14
2018:09:02:21:22:17:267,815319,815305,14
2018:09:02:21:22:17:371,815331,815305,26
2018:09:02:21:22:17:539,815316,815305,11
2018:09:02:21:22:17:663,815316,815305,11
2018:09:02:21:22:17:795,815316,815306,10
2018:09:02:21:22:17:901,815316,815306,10
2018:09:02:21:22:18:056,815316,815305,11
2018:09:02:21:22:18:176,815316,815305,11
2018:09:02:21:22:18:283,815331,815281,50
2018:09:02:21:22:18:391,815331,815281,50
2018:09:02:21:22:18:509,815331,815281,50
2018:09:02:21:22:18:635,815331,815281,50
2018:09:02:21:22:18:865,815312,815281,31
2018:09:02:21:22:18:974,815331,815284,47
2018:09:02:21:22:19:088,815312,815281,31
2018:09:02:21:22:19:206,815312,815281,31
2018:09:02:21:22:19:370,815312,815281,31
2018:09:02:21:22:19:497,815312,815281,31
2018:09:02:21:22:19:618,815311,815289,22
2018:09:02:21:22:19:757,815294,815289,5
2018:09:02:21:22:19:888,815294,815289,5
2018:09:02:21:22:20:034,815294,815292,2
2018:09:02:21:22:20:147,815294,815292,2
2018:09:02:21:22:20:394,815291,815241,50
2018:09:02:21:22:20:528,815291,815241,50
2018:09:02:21:22:20:637,815287,815234,53
2018:09:02:21:22:20:779,815287,815239,48
2018:09:02:21:22:20:882,815241,815239,2
2018:09:02:21:22:21:013,815241,815239,2
2018:09:02:21:22:21:170,815241,815239,2
2018:09:02:21:22:21:276,815241,815239,2
2018:09:02:21:22:21:373,815288,815191,97
2018:09:02:21:22:21:481,815288,815191,97
2018:09:02:21:22:21:611,815288,815191,97
2018:09:02:21:22:21:760,815288,815191,97
2018:09:02:21:22:21:977,815240,815108,132
2018:09:02:21:22:22:161,815238,815235,3
2018:09:02:21:22:22:267,815237,815235,2
2018:09:02:21:22:22:382,815237,815235,2
2018:09:02:21:22:22:517,815237,815235,2
2018:09:02:21:22:22:712,815235,815196,39
2018:09:02:21:22:22:835,815235,815196,39
2018:09:02:21:22:22:961,815200,815144,56
2018:09:02:21:22:23:071,815200,815144,56
2018:09:02:21:22:23:182,815200,815144,56
2018:09:02:21:22:23:306,815200,815144,56
2018:09:02:21:22:23:440,815193,815150,43
2018:09:02:21:22:23:773,815193,815150,43
2018:09:02:21:22:23:896,815126,815109,17
2018:09:02:21:22:24:016,815126,815109,17
2018:09:02:21:22:24:125,815126,815109,17
2018:09:02:21:22:24:246,815116,815112,4
2018:09:02:21:22:24:367,815116,815112,4
2018:09:02:21:22:24:505,815116,815112,4
2018:09:02:21:22:24:645,815127,815100,27
2018:09:02:21:22:24:821,815124,815113,11
2018:09:02:21:22:24:944,815124,815113,11
2018:09:02:21:22:25:073,815124,815113,11
2018:09:02:21:22:25:208,815124,815113,11
2018:09:02:21:22:25:330,815124,815113,11
2018:09:02:21:22:25:868,815115,815068,47
2018:09:02:21:22:26:012,815112,815051,61
2018:09:02:21:22:26:139,815112,815051,61
2018:09:02:21:22:26:254,815107,815058,49
2018:09:02:21:22:26:383,815110,815083,27
2018:09:02:21:22:26:505,815092,815058,34
2018:09:02:21:22:26:614,815092,815058,34
2018:09:02:21:22:26:716,815092,815058,34
2018:09:02:21:22:26:861,815092,815058,34
2018:09:02:21:22:26:977,815091,815058,33
2018:09:02:21:22:27:093,815091,815058,33
2018:09:02:21:22:27:205,815091,815055,36
2018:09:02:21:22:27:358,815091,815055,36
2018:09:02:21:22:27:476,815091,815055,36
2018:09:02:21:22:27:865,815091,815055,36
2018:09:02:21:22:28:013,815091,815065,26
2018:09:02:21:22:28:213,815091,815065,26
2018:09:02:21:22:28:522,815112,815038,74
2018:09:02:21:22:28:827,815104,815048,56
2018:09:02:21:22:29:012,815105,815070,35
2018:09:02:21:22:29:169,815199,815158,41
2018:09:02:21:22:29:350,815199,815158,41
2018:09:02:21:22:29:495,815191,815158,33
2018:09:02:21:22:29:649,815191,815158,33
2018:09:02:21:22:29:809,815200,815159,41
2018:09:02:21:22:30:188,815199,815159,40
2018:09:02:21:22:30:487,815175,815165,10
2018:09:02:21:22:30:621,815175,815165,10
2018:09:02:21:22:30:761,815175,815165,10
2018:09:02:21:22:30:885,815175,815165,10
2018:09:02:21:22:31:005,815175,815165,10
2018:09:02:21:22:31:183,815188,815124,64
2018:09:02:21:22:31:311,815156,815049,107
2018:09:02:21:22:31:439,815142,815079,63
2018:09:02:21:22:31:585,815142,815079,63
2018:09:02:21:22:31:713,815142,815079,63
2018:09:02:21:22:32:033,815100,815097,3
2018:09:02:21:22:32:157,815100,815097,3
2018:09:02:21:22:32:293,815100,815097,3
2018:09:02:21:22:32:403,815100,815097,3
2018:09:02:21:22:32:512,815090,815079,11
2018:09:02:21:22:32:621,815100,815079,21
2018:09:02:21:22:32:757,815100,815079,21
2018:09:02:21:22:32:877,815090,815082,8
2018:09:02:21:22:32:989,815090,815079,11
2018:09:02:21:22:33:126,815090,815082,8
2018:09:02:21:22:33:239,815100,815033,67
2018:09:02:21:22:33:342,815080,815044,36
2018:09:02:21:22:33:490,815080,815044,36
2018:09:02:21:22:33:593,815080,815055,25
2018:09:02:21:22:33:730,815080,815055,25
2018:09:02:21:22:33:874,815080,815055,25
2018:09:02:21:22:33:980,815079,815055,24
2018:09:02:21:22:34:118,815079,815055,24
2018:09:02:21:22:34:364,815079,815062,17
2018:09:02:21:22:34:641,815079,815062,17
2018:09:02:21:22:34:995,815079,815069,10
2018:09:02:21:22:35:410,815200,815162,38
2018:09:02:21:22:35:575,815179,815162,17
2018:09:02:21:22:36:101,815179,815163,16
2018:09:02:21:22:36:280,815183,815089,94
2018:09:02:21:22:36:416,815266,815209,57
2018:09:02:21:22:36:554,815225,815179,46
2018:09:02:21:22:36:780,815225,815179,46
2018:09:02:21:22:37:296,815225,815219,6
2018:09:02:21:22:37:471,815233,815224,9
2018:09:02:21:22:37:617,815233,815224,9
2018:09:02:21:22:37:750,815219,815210,9
2018:09:02:21:22:37:922,815219,815210,9
2018:09:02:21:22:38:037,815219,815210,9
2018:09:02:21:22:38:168,815237,815210,27
2018:09:02:21:22:38:311,815261,815235,26
2018:09:02:21:22:38:438,815261,815235,26
2018:09:02:21:22:38:828,815261,815235,26
2018:09:02:21:22:38:969,815267,815236,31
2018:09:02:21:22:39:101,815267,815236,31
2018:09:02:21:22:39:245,815267,815236,31
2018:09:02:21:22:39:350,815267,815236,31
2018:09:02:21:22:39:475,815288,815239,49
2018:09:02:21:22:39:604,815288,815239,49
2018:09:02:21:22:39:703,815288,815239,49
2018:09:02:21:22:39:852,815288,815239,49
2018:09:02:21:22:39:963,815288,815241,47
2018:09:02:21:22:40:167,815288,815241,47
2018:09:02:21:22:40:301,815288,815241,47
2018:09:02:21:22:40:441,815288,815241,47
2018:09:02:21:22:40:568,815275,815246,29
2018:09:02:21:22:40:687,815274,815246,28
2018:09:02:21:22:40:831,815274,815246,28
2018:09:02:21:22:41:129,815274,815246,28
2018:09:02:21:22:41:237,815271,815222,49
2018:09:02:21:22:41:357,815271,815222,49
2018:09:02:21:22:41:474,815268,815222,46
2018:09:02:21:22:41:584,815272,815223,49
2018:09:02:21:22:41:726,815268,815222,46
2018:09:02:21:22:41:870,815272,815229,43
2018:09:02:21:22:41:997,815272,815229,43
2018:09:02:21:22:42:114,815273,815229,44
2018:09:02:21:22:42:232,815273,815229,44
2018:09:02:21:22:42:387,815270,815229,41
2018:09:02:21:22:42:801,815270,815229,41
2018:09:02:21:22:42:918,815262,815229,33
2018:09:02:21:22:43:019,815262,815229,33
2018:09:02:21:22:43:199,815262,815229,33
2018:09:02:21:22:43:376,815262,815229,33
2018:09:02:21:22:43:486,815289,815229,60
2018:09:02:21:22:43:686,815289,815229,60
2018:09:02:21:22:43:863,815289,815229,60
2018:09:02:21:22:44:012,815289,815229,60
2018:09:02:21:22:44:150,815289,815229,60
2018:09:02:21:22:44:299,815289,815229,60
2018:09:02:21:22:44:449,815253,815245,8
2018:09:02:21:22:44:564,815331,815300,31
2018:09:02:21:22:44:718,815331,815300,31
2018:09:02:21:22:44:915,815331,815300,31
2018:09:02:21:22:45:154,815332,815308,24
2018:09:02:21:22:45:430,815332,815308,24
2018:09:02:21:22:45:568,815332,815313,19
2018:09:02:21:22:45:680,815332,815308,24
2018:09:02:21:22:45:823,815331,815313,18
2018:09:02:21:22:46:136,815331,815313,18
2018:09:02:21:22:46:295,815331,815316,15
2018:09:02:21:22:46:404,815331,815316,15
2018:09:02:21:22:46:560,815328,815319,9
2018:09:02:21:22:46:715,815328,815319,9
2018:09:02:21:22:47:053,815328,815319,9
2018:09:02:21:22:47:183,815330,815322,8
2018:09:02:21:22:47:313,815330,815322,8
2018:09:02:21:22:47:434,815332,815322,10
2018:09:02:21:22:47:707,815330,815320,10
2018:09:02:21:22:47:857,815332,815325,7
2018:09:02:21:22:48:003,815332,815322,10
2018:09:02:21:22:48:152,815331,815323,8
2018:09:02:21:22:48:277,815331,815323,8
2018:09:02:21:22:48:413,815331,815326,5
2018:09:02:21:22:48:573,815331,815326,5
2018:09:02:21:22:48:738,815350,815331,19
2018:09:02:21:22:49:084,815316,815247,69
2018:09:02:21:22:49:252,815293,815253,40
2018:09:02:21:22:49:490,815293,815253,40
2018:09:02:21:22:49:715,815293,815253,40
2018:09:02:21:22:49:885,815354,815333,21
2018:09:02:21:22:50:075,815343,815336,7
2018:09:02:21:22:50:275,815343,815336,7
2018:09:02:21:22:50:425,815343,815339,4
2018:09:02:21:22:50:589,815343,815339,4
2018:09:02:21:22:50:745,815340,815339,1
2018:09:02:21:22:50:857,815340,815339,1
2018:09:02:21:22:50:998,815340,815339,1
2018:09:02:21:22:51:126,815340,815339,1
2018:09:02:21:22:51:266,815343,815334,9
2018:09:02:21:22:51:584,815343,815334,9
2018:09:02:21:22:51:721,815343,815334,9
2018:09:02:21:22:51:860,815343,815335,8
2018:09:02:21:22:51:991,815340,815335,5
2018:09:02:21:22:52:120,815340,815335,5
2018:09:02:21:22:52:318,815340,815335,5
2018:09:02:21:22:52:539,815342,815287,55
2018:09:02:21:22:52:693,815337,815335,2
2018:09:02:21:22:52:805,815337,815335,2
2018:09:02:21:22:53:026,815331,815294,37
2018:09:02:21:22:53:305,815300,815298,2
2018:09:02:21:22:53:465,815340,815300,40
2018:09:02:21:22:53:594,815370,815300,70
2018:09:02:21:22:53:797,815340,815300,40
2018:09:02:21:22:54:000,815370,815300,70
2018:09:02:21:22:54:194,815370,815200,170
2018:09:02:21:22:54:322,815370,815200,170
2018:09:02:21:22:54:486,815323,815310,13
2018:09:02:21:22:54:725,815323,815310,13
2018:09:02:21:22:54:879,815373,815312,61
2018:09:02:21:22:55:040,815404,815312,92
2018:09:02:21:22:55:222,815404,815312,92
2018:09:02:21:22:55:348,815413,815399,14
2018:09:02:21:22:55:533,815413,815399,14
2018:09:02:21:22:55:922,815413,815399,14
2018:09:02:21:22:56:046,815499,815467,32
2018:09:02:21:22:56:172,815499,815467,32
2018:09:02:21:22:56:308,815478,815467,11
2018:09:02:21:22:56:478,815478,815467,11
2018:09:02:21:22:56:620,815412,815410,2
2018:09:02:21:22:56:790,815412,815410,2
2018:09:02:21:22:56:952,815476,815417,59
2018:09:02:21:22:57:155,815499,815472,27
2018:09:02:21:22:57:479,815498,815472,26
2018:09:02:21:22:57:628,815499,815474,25
2018:09:02:21:22:57:773,815497,815474,23
2018:09:02:21:22:57:915,815497,815474,23
2018:09:02:21:22:58:056,815499,815476,23
2018:09:02:21:22:58:193,815481,815476,5
2018:09:02:21:22:58:346,815499,815473,26
2018:09:02:21:22:58:482,815499,815473,26
2018:09:02:21:22:58:639,815499,815473,26
2018:09:02:21:22:58:798,815499,815473,26
2018:09:02:21:22:58:918,815495,815477,18
2018:09:02:21:22:59:046,815498,815411,87
2018:09:02:21:22:59:188,815489,815477,12
2018:09:02:21:22:59:643,815488,815400,88
2018:09:02:21:22:59:799,815412,815400,12
2018:09:02:21:22:59:935,815411,815410,1
2018:09:02:21:23:00:168,815411,815410,1
2018:09:02:21:23:00:330,815411,815410,1
2018:09:02:21:23:00:480,815412,815400,12
2018:09:02:21:23:00:628,815412,815400,12
2018:09:02:21:23:00:868,815412,815400,12
2018:09:02:21:23:01:501,815412,815401,11
2018:09:02:21:23:01:639,815450,815433,17
2018:09:02:21:23:01:779,815450,815433,17
2018:09:02:21:23:02:039,815485,815470,15
2018:09:02:21:23:02:165,815440,815433,7
2018:09:02:21:23:02:280,815479,815478,1
2018:09:02:21:23:02:415,815479,815478,1
2018:09:02:21:23:02:552,815429,815422,7
2018:09:02:21:23:02:677,815429,815421,8
2018:09:02:21:23:02:859,815429,815421,8
2018:09:02:21:23:03:007,815429,815421,8
2018:09:02:21:23:03:118,815428,815426,2
2018:09:02:21:23:03:258,815400,815383,17
2018:09:02:21:23:03:395,815400,815383,17
2018:09:02:21:23:03:568,815424,815256,168
2018:09:02:21:23:03:735,815400,815383,17
2018:09:02:21:23:03:925,815399,815335,64
2018:09:02:21:23:04:049,815413,815335,78
2018:09:02:21:23:04:153,815413,815335,78
2018:09:02:21:23:04:290,815398,815391,7
2018:09:02:21:23:04:720,815398,815391,7
2018:09:02:21:23:04:841,815343,815335,8
2018:09:02:21:23:04:979,815343,815335,8
2018:09:02:21:23:05:138,815382,815338,44
2018:09:02:21:23:05:268,815343,815335,8
2018:09:02:21:23:05:437,815385,815279,106
2018:09:02:21:23:05:576,815385,815279,106
2018:09:02:21:23:05:935,815323,815279,44
2018:09:02:21:23:06:080,815333,815327,6
2018:09:02:21:23:06:326,815333,815327,6
2018:09:02:21:23:06:456,815364,815327,37
2018:09:02:21:23:06:574,815364,815327,37
2018:09:02:21:23:06:996,815423,815328,95
2018:09:02:21:23:07:337,815423,815364,59
2018:09:02:21:23:07:489,815363,815349,14
2018:09:02:21:23:07:621,815362,815356,6
2018:09:02:21:23:07:743,815362,815356,6
2018:09:02:21:23:07:923,815342,815339,3
2018:09:02:21:23:08:054,815342,815334,8
2018:09:02:21:23:08:288,815342,815308,34
2018:09:02:21:23:08:580,815323,815308,15
2018:09:02:21:23:08:804,815342,815308,34
2018:09:02:21:23:09:200,815362,815279,83
2018:09:02:21:23:09:336,815330,815281,49
2018:09:02:21:23:09:555,815316,815296,20
2018:09:02:21:23:09:704,815316,815296,20
2018:09:02:21:23:09:824,815316,815309,7
2018:09:02:21:23:09:974,815316,815309,7
2018:09:02:21:23:10:098,815316,815309,7
2018:09:02:21:23:10:224,815316,815309,7
2018:09:02:21:23:10:340,815313,815309,4
2018:09:02:21:23:10:492,815316,815309,7
2018:09:02:21:23:10:629,815313,815310,3
2018:09:02:21:23:10:775,815313,815310,3
2018:09:02:21:23:10:922,815313,815309,4
2018:09:02:21:23:11:051,815310,815309,1
2018:09:02:21:23:11:185,815313,815309,4
2018:09:02:21:23:11:321,815300,815296,4
2018:09:02:21:23:11:490,815300,815279,21
2018:09:02:21:23:11:757,815300,815279,21
2018:09:02:21:23:11:919,815300,815279,21
2018:09:02:21:23:12:049,815300,815280,20
2018:09:02:21:23:12:187,815300,815280,20
2018:09:02:21:23:12:341,815279,815257,22
2018:09:02:21:23:12:486,815279,815257,22
2018:09:02:21:23:12:680,815279,815257,22
2018:09:02:21:23:12:854,815276,815260,16
2018:09:02:21:23:13:011,815276,815260,16
2018:09:02:21:23:13:172,815271,815200,71
2018:09:02:21:23:13:301,815276,815260,16
2018:09:02:21:23:13:444,815264,815201,63
2018:09:02:21:23:13:598,815257,815207,50
2018:09:02:21:23:13:825,815257,815207,50
2018:09:02:21:23:13:962,815257,815207,50
2018:09:02:21:23:14:102,815257,815207,50
2018:09:02:21:23:14:284,815257,815207,50
2018:09:02:21:23:14:491,815201,815128,73
2018:09:02:21:23:14:653,815257,815208,49
2018:09:02:21:23:14:834,815206,815156,50
2018:09:02:21:23:14:982,815206,815156,50
2018:09:02:21:23:15:120,815239,815150,89
2018:09:02:21:23:15:250,815239,815162,77
2018:09:02:21:23:15:397,815239,815150,89
2018:09:02:21:23:15:525,815239,815171,68
2018:09:02:21:23:15:674,815186,815101,85
2018:09:02:21:23:15:898,815186,815101,85
2018:09:02:21:23:16:068,815210,815101,109
2018:09:02:21:23:16:206,815210,815101,109
2018:09:02:21:23:16:319,815236,815181,55
2018:09:02:21:23:16:439,815236,815127,109
2018:09:02:21:23:16:564,815236,815181,55
2018:09:02:21:23:16:706,815183,815181,2
2018:09:02:21:23:16:924,815183,815181,2
2018:09:02:21:23:17:069,815177,815144,33
2018:09:02:21:23:17:197,815177,815144,33
2018:09:02:21:23:17:335,815231,815190,41
2018:09:02:21:23:17:464,815231,815190,41
2018:09:02:21:23:17:587,815231,815188,43
2018:09:02:21:23:17:716,815231,815188,43
2018:09:02:21:23:18:025,815231,815188,43
2018:09:02:21:23:18:149,815231,815202,29
2018:09:02:21:23:18:481,815231,815221,10
2018:09:02:21:23:18:598,815231,815221,10
2018:09:02:21:23:18:735,815231,815205,26
2018:09:02:21:23:18:923,815231,815205,26
2018:09:02:21:23:19:082,815231,815205,26
2018:09:02:21:23:19:308,815231,815205,26
2018:09:02:21:23:19:417,815231,815205,26
2018:09:02:21:23:19:571,815300,815207,93
2018:09:02:21:23:19:733,815300,815207,93
2018:09:02:21:23:19:989,815299,815246,53
2018:09:02:21:23:20:136,815299,815246,53
2018:09:02:21:23:20:272,815318,815246,72
2018:09:02:21:23:20:478,815318,815246,72
2018:09:02:21:23:20:643,815318,815246,72
2018:09:02:21:23:20:785,815318,815246,72
2018:09:02:21:23:20:910,815318,815246,72
2018:09:02:21:23:21:114,815318,815246,72
2018:09:02:21:23:21:261,815288,815266,22
2018:09:02:21:23:21:427,815288,815266,22
2018:09:02:21:23:21:576,815318,815314,4
2018:09:02:21:23:21:707,815318,815314,4
2018:09:02:21:23:21:815,815318,815314,4
2018:09:02:21:23:21:941,815318,815317,1
2018:09:02:21:23:22:238,815318,815317,1
2018:09:02:21:23:22:381,815318,815314,4
2018:09:02:21:23:22:516,815323,815318,5
2018:09:02:21:23:22:646,815318,815314,4
2018:09:02:21:23:22:798,815302,815253,49
2018:09:02:21:23:22:914,815302,815253,49
2018:09:02:21:23:23:153,815302,815253,49
2018:09:02:21:23:23:324,815317,815279,38
2018:09:02:21:23:23:495,815317,815279,38
2018:09:02:21:23:23:642,815322,815175,147
2018:09:02:21:23:23:933,815322,815175,147
2018:09:02:21:23:24:046,815289,815273,16
2018:09:02:21:23:24:168,815265,815260,5
2018:09:02:21:23:24:321,815289,815274,15
2018:09:02:21:23:24:441,815265,815260,5
2018:09:02:21:23:24:627,815289,815274,15
2018:09:02:21:23:24:774,815258,815220,38
2018:09:02:21:23:24:903,815258,815220,38
2018:09:02:21:23:25:029,815279,815273,6
2018:09:02:21:23:25:155,815279,815273,6
2018:09:02:21:23:25:282,815237,815220,17
2018:09:02:21:23:25:611,815237,815223,14
2018:09:02:21:23:25:996,815216,815173,43
2018:09:02:21:23:26:118,815216,815180,36
2018:09:02:21:23:26:241,815216,815180,36
2018:09:02:21:23:26:362,815208,815190,18
2018:09:02:21:23:26:488,815208,815190,18
2018:09:02:21:23:26:602,815208,815200,8
2018:09:02:21:23:26:716,815208,815200,8
2018:09:02:21:23:26:876,815208,815200,8
2018:09:02:21:23:27:007,815208,815200,8
2018:09:02:21:23:27:199,815198,815143,55
2018:09:02:21:23:27:321,815234,815210,24
2018:09:02:21:23:27:449,815234,815210,24
2018:09:02:21:23:27:650,815234,815210,24
2018:09:02:21:23:27:918,815213,815210,3
2018:09:02:21:23:28:202,815291,815222,69
2018:09:02:21:23:28:327,815291,815222,69
2018:09:02:21:23:28:480,815263,815222,41
2018:09:02:21:23:28:624,815263,815222,41
2018:09:02:21:23:28:764,815298,815291,7
2018:09:02:21:23:28:894,815298,815291,7
2018:09:02:21:23:29:024,815300,815291,9
2018:09:02:21:23:29:261,815300,815291,9
2018:09:02:21:23:29:448,815300,815233,67
2018:09:02:21:23:29:593,815293,815233,60
2018:09:02:21:23:29:941,815293,815233,60
2018:09:02:21:23:30:149,815297,815255,42
2018:09:02:21:23:30:320,815256,815255,1
2018:09:02:21:23:30:492,815278,815262,16
2018:09:02:21:23:30:748,815278,815272,6
2018:09:02:21:23:30:886,815278,815272,6
2018:09:02:21:23:31:045,815300,815298,2
2018:09:02:21:23:31:175,815300,815298,2
2018:09:02:21:23:31:321,815300,815298,2
2018:09:02:21:23:31:458,815310,815301,9
2018:09:02:21:23:31:579,815300,815298,2
2018:09:02:21:23:31:743,815310,815301,9
2018:09:02:21:23:31:876,815313,815303,10
2018:09:02:21:23:32:005,815313,815303,10
2018:09:02:21:23:32:138,815313,815311,2
2018:09:02:21:23:32:311,815313,815311,2
2018:09:02:21:23:32:659,815300,815299,1
2018:09:02:21:23:32:839,815300,815299,1
2018:09:02:21:23:32:991,815300,815299,1
2018:09:02:21:23:33:167,815300,815299,1
2018:09:02:21:23:33:319,815300,815299,1
2018:09:02:21:23:33:475,815363,815299,64
2018:09:02:21:23:33:643,815363,815349,14
2018:09:02:21:23:33:799,815363,815349,14
2018:09:02:21:23:33:964,815359,815358,1
2018:09:02:21:23:34:089,815390,815349,41
2018:09:02:21:23:34:265,815390,815349,41
2018:09:02:21:23:34:398,815350,815349,1
2018:09:02:21:23:34:551,815350,815349,1
2018:09:02:21:23:34:675,815400,815369,31
2018:09:02:21:23:34:869,815347,815331,16
2018:09:02:21:23:35:101,815347,815331,16
2018:09:02:21:23:35:542,815399,815384,15
2018:09:02:21:23:35:680,815393,815384,9
2018:09:02:21:23:35:816,815393,815384,9
2018:09:02:21:23:35:967,815391,815388,3
2018:09:02:21:23:36:163,815391,815388,3
2018:09:02:21:23:36:299,815392,815391,1
2018:09:02:21:23:36:481,815392,815391,1
2018:09:02:21:23:36:655,815392,815388,4
2018:09:02:21:23:36:977,815417,815394,23
2018:09:02:21:23:37:125,815450,815438,12
2018:09:02:21:23:37:251,815450,815438,12
2018:09:02:21:23:37:377,815450,815438,12
2018:09:02:21:23:37:529,815492,815438,54
2018:09:02:21:23:37:709,815492,815438,54
2018:09:02:21:23:37:882,815499,815441,58
2018:09:02:21:23:38:024,815499,815441,58
2018:09:02:21:23:38:179,815499,815450,49
2018:09:02:21:23:38:329,815499,815450,49
2018:09:02:21:23:38:486,815489,815450,39
2018:09:02:21:23:38:665,815500,815450,50
2018:09:02:21:23:38:785,815498,815457,41
2018:09:02:21:23:38:898,815498,815457,41
2018:09:02:21:23:39:018,815498,815457,41
2018:09:02:21:23:39:159,815498,815457,41
2018:09:02:21:23:39:449,815498,815457,41
2018:09:02:21:23:39:579,815498,815457,41
2018:09:02:21:23:39:697,815498,815457,41
2018:09:02:21:23:39:827,815498,815457,41
2018:09:02:21:23:40:033,815618,815457,161
2018:09:02:21:23:40:164,815618,815457,161
2018:09:02:21:23:40:316,815618,815457,161
2018:09:02:21:23:40:588,815497,815478,19
2018:09:02:21:23:40:859,815640,815638,2
2018:09:02:21:23:41:069,815618,815528,90
2018:09:02:21:23:41:240,815617,815528,89
2018:09:02:21:23:41:374,815617,815528,89
2018:09:02:21:23:41:528,815617,815577,40
2018:09:02:21:23:41:690,815617,815577,40
2018:09:02:21:23:41:829,815617,815577,40
2018:09:02:21:23:41:984,815617,815577,40
2018:09:02:21:23:42:118,815617,815577,40
2018:09:02:21:23:42:249,815618,815474,144
2018:09:02:21:23:42:390,815618,815474,144
2018:09:02:21:23:42:841,815615,815500,115
2018:09:02:21:23:42:990,815575,815549,26
2018:09:02:21:23:43:128,815575,815549,26
2018:09:02:21:23:43:264,815608,815594,14
2018:09:02:21:23:43:430,815608,815594,14
2018:09:02:21:23:43:598,815615,815600,15
2018:09:02:21:23:43:718,815615,815600,15
2018:09:02:21:23:43:880,815615,815600,15
2018:09:02:21:23:44:000,815615,815600,15
2018:09:02:21:23:44:135,815605,815600,5
2018:09:02:21:23:44:256,815605,815590,15
2018:09:02:21:23:44:404,815587,815565,22
2018:09:02:21:23:44:525,815605,815590,15
2018:09:02:21:23:44:670,815587,815581,6
2018:09:02:21:23:44:790,815587,815550,37
2018:09:02:21:23:44:961,815587,815550,37
2018:09:02:21:23:45:350,815587,815550,37
2018:09:02:21:23:45:507,815614,815610,4
2018:09:02:21:23:45:632,815614,815603,11
2018:09:02:21:23:45:826,815614,815603,11
2018:09:02:21:23:45:979,815654,815628,26
2018:09:02:21:23:46:109,815654,815628,26
2018:09:02:21:23:46:303,815597,815594,3
2018:09:02:21:23:46:448,815597,815594,3
2018:09:02:21:23:46:584,815597,815594,3
2018:09:02:21:23:46:906,815604,815602,2
2018:09:02:21:23:47:131,815641,815635,6
2018:09:02:21:23:47:285,815641,815635,6
2018:09:02:21:23:47:407,815649,815645,4
2018:09:02:21:23:47:541,815649,815645,4
2018:09:02:21:23:47:706,815649,815645,4
2018:09:02:21:23:47:847,815648,815646,2
2018:09:02:21:23:47:982,815648,815646,2
2018:09:02:21:23:48:153,815721,815650,71
2018:09:02:21:23:48:663,815694,815655,39
2018:09:02:21:23:48:928,815721,815662,59
2018:09:02:21:23:49:168,815721,815694,27
2018:09:02:21:23:49:350,815721,815694,27
2018:09:02:21:23:49:495,815693,815673,20
2018:09:02:21:23:49:653,815721,815673,48
2018:09:02:21:23:49:766,815695,815673,22
2018:09:02:21:23:49:900,815695,815673,22
2018:09:02:21:23:50:051,815721,815683,38
2018:09:02:21:23:50:214,815689,815684,5
2018:09:02:21:23:50:338,815689,815684,5
2018:09:02:21:23:50:452,815680,815676,4
2018:09:02:21:23:50:610,815688,815684,4
2018:09:02:21:23:50:745,815689,815676,13
2018:09:02:21:23:50:881,815687,815679,8
2018:09:02:21:23:51:019,815687,815679,8
2018:09:02:21:23:51:198,815687,815679,8
2018:09:02:21:23:51:433,815682,815631,51
2018:09:02:21:23:51:582,815621,815594,27
2018:09:02:21:23:51:776,815621,815603,18
2018:09:02:21:23:51:938,815621,815603,18
2018:09:02:21:23:52:331,815620,815602,18
2018:09:02:21:23:52:453,815601,815594,7
2018:09:02:21:23:52:572,815601,815594,7
2018:09:02:21:23:52:700,815689,815594,95
2018:09:02:21:23:52:855,815689,815594,95
2018:09:02:21:23:52:986,815601,815594,7
2018:09:02:21:23:53:124,815681,815573,108
2018:09:02:21:23:53:323,815568,815566,2
2018:09:02:21:23:53:432,815568,815566,2
2018:09:02:21:23:53:572,815568,815566,2
2018:09:02:21:23:53:685,815567,815566,1
2018:09:02:21:23:53:827,815567,815566,1
2018:09:02:21:23:54:171,815567,815566,1
2018:09:02:21:23:54:301,815568,815562,6
2018:09:02:21:23:54:434,815568,815567,1
2018:09:02:21:23:54:550,815568,815562,6
2018:09:02:21:23:54:707,815582,815526,56
2018:09:02:21:23:54:874,815568,815562,6
2018:09:02:21:23:55:067,815582,815574,8
2018:09:02:21:23:55:467,815582,815563,19
2018:09:02:21:23:55:684,815574,815543,31
2018:09:02:21:23:55:817,815564,815519,45
2018:09:02:21:23:55:930,815564,815519,45
2018:09:02:21:23:56:047,815564,815519,45
2018:09:02:21:23:56:185,815562,815544,18
2018:09:02:21:23:56:326,815559,815544,15
2018:09:02:21:23:56:444,815559,815544,15
2018:09:02:21:23:56:685,815542,815519,23
2018:09:02:21:23:56:840,815558,815545,13
2018:09:02:21:23:56:951,815544,815519,25
2018:09:02:21:23:57:063,815544,815519,25
2018:09:02:21:23:57:208,815557,815546,11
2018:09:02:21:23:57:339,815557,815546,11
2018:09:02:21:23:57:506,815557,815546,11
2018:09:02:21:23:57:636,815557,815546,11
2018:09:02:21:23:57:754,815557,815556,1
2018:09:02:21:23:57:900,815557,815556,1
2018:09:02:21:23:58:078,815557,815556,1
2018:09:02:21:23:58:633,815571,815564,7
2018:09:02:21:23:58:780,815570,815564,6
2018:09:02:21:23:59:004,815570,815566,4
2018:09:02:21:23:59:413,815570,815566,4
2018:09:02:21:23:59:610,815569,815567,2
2018:09:02:21:23:59:729,815569,815567,2
2018:09:02:21:23:59:901,815569,815519,50
2018:09:02:21:24:00:025,815569,815567,2
2018:09:02:21:24:00:232,815566,815519,47
2018:09:02:21:24:00:378,815566,815547,19
2018:09:02:21:24:00:536,815568,815566,2
2018:09:02:21:24:00:704,815568,815566,2
2018:09:02:21:24:00:868,815568,815557,11
2018:09:02:21:24:01:010,815568,815557,11
2018:09:02:21:24:01:137,815615,815562,53
2018:09:02:21:24:01:268,815615,815562,53
2018:09:02:21:24:01:420,815615,815562,53
2018:09:02:21:24:01:808,815608,815570,38
2018:09:02:21:24:01:941,815608,815570,38
2018:09:02:21:24:02:059,815608,815570,38
2018:09:02:21:24:02:174,815608,815570,38
2018:09:02:21:24:02:283,815608,815580,28
2018:09:02:21:24:02:399,815608,815580,28
2018:09:02:21:24:02:716,815608,815580,28
2018:09:02:21:24:02:830,815599,815580,19
2018:09:02:21:24:02:985,815599,815580,19
2018:09:02:21:24:03:105,815599,815580,19
2018:09:02:21:24:03:396,815615,815580,35
2018:09:02:21:24:03:513,815596,815585,11
2018:09:02:21:24:03:655,815596,815585,11
2018:09:02:21:24:03:806,815606,815585,21
2018:09:02:21:24:03:964,815621,815581,40
2018:09:02:21:24:04:077,815621,815581,40
2018:09:02:21:24:04:201,815621,815581,40
2018:09:02:21:24:04:354,815621,815581,40
2018:09:02:21:24:04:528,815610,815598,12
2018:09:02:21:24:04:713,815610,815571,39
2018:09:02:21:24:04:835,815610,815601,9
2018:09:02:21:24:05:067,815610,815601,9
2018:09:02:21:24:05:268,815610,815601,9
2018:09:02:21:24:05:415,815610,815601,9
2018:09:02:21:24:05:536,815601,815574,27
2018:09:02:21:24:05:933,815601,815574,27
2018:09:02:21:24:06:070,815600,815574,26
2018:09:02:21:24:06:199,815600,815574,26
2018:09:02:21:24:06:357,815600,815574,26
2018:09:02:21:24:06:473,815542,815537,5
2018:09:02:21:24:06:677,815542,815537,5
2018:09:02:21:24:06:794,815541,815527,14
2018:09:02:21:24:06:936,815541,815527,14
2018:09:02:21:24:07:098,815541,815527,14
2018:09:02:21:24:07:400,815597,815519,78
2018:09:02:21:24:07:571,815539,815519,20
2018:09:02:21:24:07:741,815575,815559,16
2018:09:02:21:24:07:864,815575,815534,41
2018:09:02:21:24:07:992,815575,815539,36
2018:09:02:21:24:08:167,815575,815534,41
2018:09:02:21:24:08:310,815575,815534,41
2018:09:02:21:24:08:425,815575,815519,56
2018:09:02:21:24:08:548,815574,815519,55
2018:09:02:21:24:08:699,815574,815519,55
2018:09:02:21:24:08:866,815567,815530,37
2018:09:02:21:24:08:999,815567,815530,37
2018:09:02:21:24:09:113,815567,815530,37
2018:09:02:21:24:09:256,815567,815530,37
2018:09:02:21:24:09:450,815567,815504,63
2018:09:02:21:24:09:769,815573,815504,69
2018:09:02:21:24:10:040,815537,815531,6
2018:09:02:21:24:10:185,815537,815506,31
2018:09:02:21:24:10:341,815534,815532,2
2018:09:02:21:24:10:492,815564,815537,27
2018:09:02:21:24:10:614,815506,815504,2
2018:09:02:21:24:10:787,815506,815504,2
2018:09:02:21:24:10:936,815506,815504,2
2018:09:02:21:24:11:078,815506,815504,2
2018:09:02:21:24:11:190,815506,815504,2
2018:09:02:21:24:11:354,815506,815504,2
2018:09:02:21:24:11:698,815505,815504,1
2018:09:02:21:24:11:840,815502,815500,2
2018:09:02:21:24:12:002,815505,815504,1
2018:09:02:21:24:12:121,815501,815500,1
2018:09:02:21:24:12:246,815501,815500,1
2018:09:02:21:24:12:357,815501,815500,1
2018:09:02:21:24:12:474,815505,815500,5
2018:09:02:21:24:12:621,815505,815500,5
2018:09:02:21:24:12:806,815505,815500,5
2018:09:02:21:24:12:954,815505,815500,5
2018:09:02:21:24:13:085,815505,815500,5
2018:09:02:21:24:13:426,815505,815500,5
2018:09:02:21:24:13:559,815501,815500,1
2018:09:02:21:24:13:687,815503,815500,3
2018:09:02:21:24:14:051,815503,815500,3
2018:09:02:21:24:14:234,815502,815500,2
2018:09:02:21:24:14:406,815502,815500,2
2018:09:02:21:24:14:558,815501,815500,1
2018:09:02:21:24:14:722,815501,815500,1
2018:09:02:21:24:14:874,815501,815498,3
2018:09:02:21:24:15:023,815501,815498,3
2018:09:02:21:24:15:177,815499,815461,38
2018:09:02:21:24:15:329,815499,815461,38
2018:09:02:21:24:15:487,815496,815458,38
2018:09:02:21:24:15:645,815496,815458,38
2018:09:02:21:24:15:776,815496,815458,38
2018:09:02:21:24:15:914,815486,815400,86
2018:09:02:21:24:16:058,815496,815458,38
2018:09:02:21:24:16:336,815461,815409,52
2018:09:02:21:24:16:538,815461,815417,44
2018:09:02:21:24:16:665,815451,815417,34
2018:09:02:21:24:16:784,815401,815400,1
2018:09:02:21:24:16:915,815460,815400,60
2018:09:02:21:24:17:062,815460,815400,60
2018:09:02:21:24:17:192,815440,815414,26
2018:09:02:21:24:17:329,815460,815400,60
2018:09:02:21:24:17:548,815455,815418,37
2018:09:02:21:24:17:892,815437,815419,18
2018:09:02:21:24:18:056,815437,815419,18
2018:09:02:21:24:18:182,815437,815419,18
2018:09:02:21:24:18:293,815437,815419,18
2018:09:02:21:24:18:431,815437,815419,18
2018:09:02:21:24:18:589,815437,815419,18
2018:09:02:21:24:18:717,815437,815419,18
2018:09:02:21:24:18:823,815494,815431,63
2018:09:02:21:24:18:935,815432,815431,1
2018:09:02:21:24:19:095,815432,815431,1
2018:09:02:21:24:19:327,815432,815431,1
2018:09:02:21:24:19:528,815432,815431,1
2018:09:02:21:24:19:689,815431,815422,9
2018:09:02:21:24:19:820,815431,815422,9
2018:09:02:21:24:19:929,815431,815331,100
2018:09:02:21:24:20:080,815431,815331,100
2018:09:02:21:24:20:512,815431,815331,100
2018:09:02:21:24:20:629,815331,815327,4
2018:09:02:21:24:20:747,815388,815327,61
2018:09:02:21:24:20:867,815331,815327,4
2018:09:02:21:24:21:034,815388,815327,61
2018:09:02:21:24:21:164,815388,815327,61
2018:09:02:21:24:21:286,815388,815327,61
2018:09:02:21:24:21:449,815378,815325,53
2018:09:02:21:24:21:595,815377,815341,36
2018:09:02:21:24:21:730,815377,815341,36
2018:09:02:21:24:21:882,815377,815341,36
2018:09:02:21:24:21:994,815367,815328,39
2018:09:02:21:24:22:163,815367,815336,31
2018:09:02:21:24:22:294,815377,815323,54
2018:09:02:21:24:22:549,815375,815323,52
2018:09:02:21:24:22:747,815396,815324,72
2018:09:02:21:24:22:888,815368,815334,34
2018:09:02:21:24:23:019,815392,815328,64
2018:09:02:21:24:23:126,815372,815335,37
2018:09:02:21:24:23:447,815368,815334,34
2018:09:02:21:24:23:588,815429,815345,84
2018:09:02:21:24:23:746,815371,815356,15
2018:09:02:21:24:23:875,815371,815356,15
2018:09:02:21:24:24:031,815429,815356,73
2018:09:02:21:24:24:253,815429,815356,73
2018:09:02:21:24:24:420,815429,815356,73
2018:09:02:21:24:24:566,815412,815371,41
2018:09:02:21:24:24:713,815429,815378,51
2018:09:02:21:24:24:867,815429,815371,58
2018:09:02:21:24:25:070,815429,815378,51
2018:09:02:21:24:25:225,815422,815364,58
2018:09:02:21:24:25:354,815418,815390,28
2018:09:02:21:24:25:631,815418,815400,18
2018:09:02:21:24:25:858,815444,815410,34
2018:09:02:21:24:26:099,815444,815436,8
2018:09:02:21:24:26:249,815415,815410,5
2018:09:02:21:24:26:378,815442,815436,6
2018:09:02:21:24:26:563,815415,815410,5
2018:09:02:21:24:27:091,815396,815364,32
2018:09:02:21:24:27:292,815396,815384,12
2018:09:02:21:24:27:580,815515,815384,131
2018:09:02:21:24:27:720,815395,815385,10
2018:09:02:21:24:27:950,815505,815452,53
2018:09:02:21:24:28:078,815494,815462,32
2018:09:02:21:24:28:229,815494,815462,32
2018:09:02:21:24:28:349,815489,815463,26
2018:09:02:21:24:28:507,815489,815462,27
2018:09:02:21:24:28:654,815486,815481,5
2018:09:02:21:24:29:288,815486,815481,5
2018:09:02:21:24:29:464,815495,815488,7
2018:09:02:21:24:29:724,815496,815488,8
2018:09:02:21:24:29:859,815496,815487,9
2018:09:02:21:24:29:982,815496,815491,5
2018:09:02:21:24:30:099,815491,815487,4
2018:09:02:21:24:30:225,815491,815487,4
2018:09:02:21:24:30:378,815491,815487,4
2018:09:02:21:24:30:536,815491,815487,4
2018:09:02:21:24:30:731,815518,815487,31
2018:09:02:21:24:30:906,815518,815487,31
2018:09:02:21:24:31:023,815512,815498,14
2018:09:02:21:24:31:182,815487,815458,29
2018:09:02:21:24:31:323,815512,815508,4
2018:09:02:21:24:31:494,815512,815508,4
2018:09:02:21:24:31:769,815579,815527,52
2018:09:02:21:24:32:120,815490,815489,1
2018:09:02:21:24:32:259,815580,815489,91
2018:09:02:21:24:32:377,815490,815489,1
2018:09:02:21:24:32:527,815580,815489,91
2018:09:02:21:24:32:678,815489,815488,1
2018:09:02:21:24:32:848,815573,815492,81
2018:09:02:21:24:32:985,815515,815490,25
2018:09:02:21:24:33:145,815573,815492,81
2018:09:02:21:24:33:350,815573,815538,35
2018:09:02:21:24:33:824,815573,815507,66
2018:09:02:21:24:34:118,815499,815363,136
2018:09:02:21:24:34:275,815504,815500,4
2018:09:02:21:24:34:417,815504,815500,4
2018:09:02:21:24:34:598,815504,815500,4
2018:09:02:21:24:34:756,815516,815500,16
2018:09:02:21:24:35:035,815516,815500,16
2018:09:02:21:24:35:224,815516,815500,16
2018:09:02:21:24:35:401,815506,815500,6
2018:09:02:21:24:35:747,815443,815409,34
2018:09:02:21:24:36:114,815496,815491,5
2018:09:02:21:24:36:278,815503,815502,1
2018:09:02:21:24:36:414,815503,815502,1
2018:09:02:21:24:36:662,815503,815502,1
2018:09:02:21:24:36:825,815476,815443,33
2018:09:02:21:24:37:003,815476,815443,33
2018:09:02:21:24:37:327,815495,815492,3
2018:09:02:21:24:37:471,815500,815493,7
2018:09:02:21:24:37:650,815500,815495,5
2018:09:02:21:24:37:820,815500,815495,5
2018:09:02:21:24:37:992,815506,815502,4
2018:09:02:21:24:38:120,815506,815505,1
2018:09:02:21:24:38:260,815513,815505,8
2018:09:02:21:24:38:386,815511,815497,14
2018:09:02:21:24:38:520,815511,815497,14
2018:09:02:21:24:38:634,815505,815497,8
2018:09:02:21:24:38:767,815505,815492,13
2018:09:02:21:24:39:189,815503,815492,11
2018:09:02:21:24:39:358,815502,815492,10
2018:09:02:21:24:39:513,815510,815502,8
2018:09:02:21:24:39:709,815510,815502,8
2018:09:02:21:24:39:817,815500,815392,108
2018:09:02:21:24:39:978,815500,815392,108
2018:09:02:21:24:40:161,815500,815392,108
2018:09:02:21:24:40:287,815416,815403,13
2018:09:02:21:24:40:454,815416,815403,13
2018:09:02:21:24:40:848,815406,815404,2
2018:09:02:21:24:41:028,815396,815369,27
2018:09:02:21:24:41:174,815397,815369,28
2018:09:02:21:24:41:301,815397,815369,28
2018:09:02:21:24:41:427,815397,815369,28
2018:09:02:21:24:41:567,815397,815369,28
2018:09:02:21:24:41:720,815390,815372,18
2018:09:02:21:24:41:866,815383,815372,11
2018:09:02:21:24:42:035,815382,815372,10
2018:09:02:21:24:42:245,815382,815372,10
2018:09:02:21:24:42:421,815373,815333,40
2018:09:02:21:24:42:553,815373,815342,31
2018:09:02:21:24:42:721,815373,815342,31
2018:09:02:21:24:42:836,815349,815345,4
2018:09:02:21:24:42:942,815349,815345,4
2018:09:02:21:24:43:075,815349,815345,4
2018:09:02:21:24:43:309,815349,815345,4
2018:09:02:21:24:43:656,815349,815301,48
2018:09:02:21:24:43:801,815336,815333,3
2018:09:02:21:24:43:925,815336,815333,3
2018:09:02:21:24:44:077,815336,815333,3
2018:09:02:21:24:44:201,815336,815333,3
2018:09:02:21:24:44:378,815336,815333,3
2018:09:02:21:24:44:547,815348,815261,87
2018:09:02:21:24:44:742,815336,815333,3
2018:09:02:21:24:44:870,815389,815261,128
2018:09:02:21:24:45:004,815389,815261,128
2018:09:02:21:24:45:111,815364,815309,55
2018:09:02:21:24:45:268,815370,815309,61
2018:09:02:21:24:45:438,815364,815309,55
2018:09:02:21:24:45:647,815370,815364,6
2018:09:02:21:24:45:996,815370,815364,6
2018:09:02:21:24:46:151,815370,815364,6
2018:09:02:21:24:46:262,815370,815364,6
2018:09:02:21:24:46:389,815333,815328,5
2018:09:02:21:24:46:596,815333,815328,5
2018:09:02:21:24:46:750,815333,815328,5
2018:09:02:21:24:46:890,815428,815371,57
2018:09:02:21:24:47:048,815380,815374,6
2018:09:02:21:24:47:382,815380,815374,6
2018:09:02:21:24:47:544,815421,815386,35
2018:09:02:21:24:47:763,815421,815386,35
2018:09:02:21:24:47:954,815421,815386,35
2018:09:02:21:24:48:125,815417,815392,25
2018:09:02:21:24:48:260,815417,815392,25
2018:09:02:21:24:48:385,815417,815392,25
2018:09:02:21:24:48:543,815682,815392,290
2018:09:02:21:24:48:705,815682,815516,166
2018:09:02:21:24:48:861,815682,815516,166
2018:09:02:21:24:48:990,815529,815516,13
2018:09:02:21:24:49:252,815529,815516,13
2018:09:02:21:24:49:615,815646,815530,116
2018:09:02:21:24:49:805,815526,815521,5
2018:09:02:21:24:49:944,815626,815529,97
2018:09:02:21:24:50:081,815626,815529,97
2018:09:02:21:24:50:295,815626,815529,97
2018:09:02:21:24:50:510,815663,815638,25
2018:09:02:21:24:50:668,815663,815638,25
2018:09:02:21:24:50:813,815619,815570,49
2018:09:02:21:24:50:968,815619,815553,66
2018:09:02:21:24:51:093,815675,815648,27
2018:09:02:21:24:51:261,815662,815648,14
2018:09:02:21:24:51:401,815662,815648,14
2018:09:02:21:24:51:530,815662,815648,14
2018:09:02:21:24:51:683,815655,815641,14
2018:09:02:21:24:51:803,815655,815639,16
2018:09:02:21:24:52:164,815655,815639,16
2018:09:02:21:24:52:309,815659,815649,10
2018:09:02:21:24:52:440,815684,815655,29
2018:09:02:21:24:52:552,815684,815655,29
2018:09:02:21:24:52:687,815661,815639,22
2018:09:02:21:24:52:833,815661,815639,22
2018:09:02:21:24:52:961,815661,815639,22
2018:09:02:21:24:53:087,815675,815665,10
2018:09:02:21:24:53:199,815675,815665,10
2018:09:02:21:24:53:335,815670,815665,5
2018:09:02:21:24:53:511,815670,815665,5
2018:09:02:21:24:53:998,815674,815668,6
2018:09:02:21:24:54:131,815742,815717,25
2018:09:02:21:24:54:313,815746,815717,29
2018:09:02:21:24:54:441,815746,815717,29
2018:09:02:21:24:54:569,815738,815718,20
2018:09:02:21:24:54:712,815753,815718,35
2018:09:02:21:24:54:847,815753,815718,35
2018:09:02:21:24:54:987,815753,815719,34
2018:09:02:21:24:55:123,815753,815727,26
2018:09:02:21:24:55:368,815759,815724,35
2018:09:02:21:24:55:520,815759,815729,30
2018:09:02:21:24:55:694,815747,815729,18
2018:09:02:21:24:55:901,815759,815717,42
2018:09:02:21:24:56:193,815773,815730,43
2018:09:02:21:24:56:324,815773,815717,56
2018:09:02:21:24:56:450,815773,815717,56
2018:09:02:21:24:56:581,815773,815717,56
2018:09:02:21:24:56:727,815773,815717,56
2018:09:02:21:24:56:911,815690,815676,14
2018:09:02:21:24:57:074,815690,815676,14
2018:09:02:21:24:57:262,815690,815676,14
2018:09:02:21:24:57:436,815689,815676,13
2018:09:02:21:24:57:566,815689,815676,13
2018:09:02:21:24:57:745,815689,815676,13
2018:09:02:21:24:58:016,815689,815676,13
2018:09:02:21:24:58:181,815676,815663,13
2018:09:02:21:24:58:373,815582,815554,28
2018:09:02:21:24:58:874,815688,815533,155
2018:09:02:21:24:59:010,815618,815587,31
2018:09:02:21:24:59:149,815618,815587,31
2018:09:02:21:24:59:389,815618,815587,31
2018:09:02:21:24:59:512,815618,815606,12
2018:09:02:21:24:59:638,815663,815606,57
2018:09:02:21:24:59:769,815663,815606,57
2018:09:02:21:24:59:912,815663,815611,52
2018:09:02:21:25:00:046,815657,815605,52
2018:09:02:21:25:00:164,815657,815605,52
2018:09:02:21:25:00:294,815657,815602,55
2018:09:02:21:25:00:407,815657,815602,55
2018:09:02:21:25:00:586,815653,815613,40
2018:09:02:21:25:00:938,815688,815657,31
2018:09:02:21:25:01:061,815688,815657,31
2018:09:02:21:25:01:209,815688,815657,31
2018:09:02:21:25:01:439,815688,815657,31
2018:09:02:21:25:01:591,815683,815659,24
2018:09:02:21:25:01:791,815683,815657,26
2018:09:02:21:25:01:907,815673,815666,7
2018:09:02:21:25:02:028,815673,815666,7
2018:09:02:21:25:02:145,815665,815639,26
2018:09:02:21:25:02:262,815665,815639,26
2018:09:02:21:25:02:422,815665,815664,1
2018:09:02:21:25:02:554,815665,815664,1
2018:09:02:21:25:02:672,815665,815664,1
2018:09:02:21:25:02:838,815662,815639,23
2018:09:02:21:25:02:961,815665,815617,48
2018:09:02:21:25:03:075,815665,815630,35
2018:09:02:21:25:03:200,815665,815630,35
2018:09:02:21:25:03:304,815650,815642,8
2018:09:02:21:25:03:439,815650,815647,3
2018:09:02:21:25:04:062,815650,815647,3
2018:09:02:21:25:04:254,815650,815648,2
2018:09:02:21:25:04:409,815650,815648,2
2018:09:02:21:25:04:529,815650,815648,2
2018:09:02:21:25:04:904,815650,815649,1
2018:09:02:21:25:05:046,815650,815649,1
2018:09:02:21:25:05:164,815650,815649,1
2018:09:02:21:25:05:295,815650,815649,1
2018:09:02:21:25:05:444,815675,815659,16
2018:09:02:21:25:05:578,815675,815659,16
2018:09:02:21:25:05:706,815671,815660,11
2018:09:02:21:25:05:839,815675,815659,16
2018:09:02:21:25:05:962,815671,815667,4
2018:09:02:21:25:06:092,815661,815652,9
2018:09:02:21:25:06:287,815661,815652,9
2018:09:02:21:25:06:417,815670,815649,21
2018:09:02:21:25:06:560,815669,815559,110
2018:09:02:21:25:06:689,815669,815559,110
2018:09:02:21:25:06:874,815649,815588,61
2018:09:02:21:25:07:016,815648,815588,60
2018:09:02:21:25:07:135,815631,815588,43
2018:09:02:21:25:07:251,815631,815588,43
2018:09:02:21:25:07:551,815648,815588,60
2018:09:02:21:25:07:795,815613,815591,22
2018:09:02:21:25:07:993,815613,815591,22
2018:09:02:21:25:08:164,815629,815615,14
2018:09:02:21:25:08:361,815629,815615,14
2018:09:02:21:25:08:538,815727,815634,93
2018:09:02:21:25:08:719,815648,815625,23
2018:09:02:21:25:08:861,815648,815635,13
2018:09:02:21:25:09:197,815648,815635,13
2018:09:02:21:25:09:392,815648,815641,7
2018:09:02:21:25:09:536,815698,815634,64
2018:09:02:21:25:09:724,815698,815634,64
2018:09:02:21:25:09:854,815698,815634,64
2018:09:02:21:25:09:962,815642,815601,41
2018:09:02:21:25:10:103,815642,815601,41
2018:09:02:21:25:10:240,815642,815638,4
2018:09:02:21:25:10:394,815642,815638,4
2018:09:02:21:25:10:555,815659,815649,10
2018:09:02:21:25:10:723,815659,815649,10
2018:09:02:21:25:10:873,815649,815640,9
2018:09:02:21:25:11:008,815649,815640,9
2018:09:02:21:25:11:165,815649,815640,9
2018:09:02:21:25:11:276,815649,815563,86
2018:09:02:21:25:11:393,815649,815563,86
2018:09:02:21:25:11:530,815649,815563,86
2018:09:02:21:25:11:704,815649,815563,86
2018:09:02:21:25:11:936,815635,815574,61
2018:09:02:21:25:12:304,815635,815574,61
2018:09:02:21:25:12:420,815630,815590,40
2018:09:02:21:25:12:548,815630,815590,40
2018:09:02:21:25:13:007,815630,815590,40
2018:09:02:21:25:13:146,815616,815461,155
2018:09:02:21:25:13:273,815625,815602,23
2018:09:02:21:25:13:427,815625,815602,23
2018:09:02:21:25:13:557,815585,815513,72
2018:09:02:21:25:13:693,815583,815513,70
2018:09:02:21:25:13:856,815578,815514,64
2018:09:02:21:25:14:010,815578,815514,64
2018:09:02:21:25:14:111,815576,815514,62
2018:09:02:21:25:14:231,815571,815515,56
2018:09:02:21:25:14:365,815576,815514,62
2018:09:02:21:25:14:541,815571,815520,51
2018:09:02:21:25:14:705,815571,815520,51
2018:09:02:21:25:14:843,815564,815526,38
2018:09:02:21:25:14:995,815564,815526,38
2018:09:02:21:25:15:408,815622,815600,22
2018:09:02:21:25:15:522,815622,815600,22
2018:09:02:21:25:15:656,815622,815600,22
2018:09:02:21:25:15:749,815622,815601,21
2018:09:02:21:25:15:883,815650,815607,43
2018:09:02:21:25:15:993,815650,815607,43
2018:09:02:21:25:16:126,815650,815607,43
2018:09:02:21:25:16:314,815742,815611,131
2018:09:02:21:25:16:443,815703,815611,92
2018:09:02:21:25:17:138,815784,815611,173
2018:09:02:21:25:17:303,815739,815703,36
2018:09:02:21:25:17:439,815783,815705,78
2018:09:02:21:25:17:603,815783,815705,78
2018:09:02:21:25:17:746,815783,815742,41
2018:09:02:21:25:17:888,815800,815742,58
2018:09:02:21:25:18:023,815800,815742,58
2018:09:02:21:25:18:128,815700,815658,42
2018:09:02:21:25:18:274,815700,815658,42
2018:09:02:21:25:18:439,815801,815729,72
2018:09:02:21:25:18:587,815801,815729,72
2018:09:02:21:25:18:754,815783,815749,34
2018:09:02:21:25:18:870,815783,815749,34
2018:09:02:21:25:18:994,815783,815749,34
2018:09:02:21:25:19:123,815775,815749,26
2018:09:02:21:25:19:247,815775,815749,26
2018:09:02:21:25:19:611,815775,815749,26
2018:09:02:21:25:19:753,815775,815749,26
2018:09:02:21:25:19:888,815921,815801,120
2018:09:02:21:25:20:021,815921,815801,120
2018:09:02:21:25:20:152,815921,815899,22
2018:09:02:21:25:20:273,815922,815899,23
2018:09:02:21:25:20:501,815922,815899,23
2018:09:02:21:25:20:651,815800,815780,20
2018:09:02:21:25:20:770,815800,815780,20
2018:09:02:21:25:21:096,815800,815780,20
2018:09:02:21:25:21:536,815800,815780,20
2018:09:02:21:25:21:787,815800,815797,3
2018:09:02:21:25:22:205,815883,815797,86
2018:09:02:21:25:22:408,815891,815812,79
2018:09:02:21:25:22:553,815790,815787,3
2018:09:02:21:25:22:688,815790,815787,3
2018:09:02:21:25:22:817,815790,815787,3
2018:09:02:21:25:22:931,815883,815827,56
2018:09:02:21:25:23:046,815799,815798,1
2018:09:02:21:25:23:252,815883,815827,56
2018:09:02:21:25:23:614,815890,815838,52
2018:09:02:21:25:24:024,815851,815834,17
2018:09:02:21:25:24:153,815851,815849,2
2018:09:02:21:25:24:353,815851,815849,2
2018:09:02:21:25:24:673,815850,815828,22
2018:09:02:21:25:24:836,815849,815819,30
2018:09:02:21:25:24:999,815850,815823,27
2018:09:02:21:25:25:214,815840,815829,11
2018:09:02:21:25:25:388,815850,815829,21
2018:09:02:21:25:25:518,815840,815829,11
2018:09:02:21:25:25:753,815822,815819,3
2018:09:02:21:25:26:045,815838,815830,8
2018:09:02:21:25:26:304,815850,815833,17
2018:09:02:21:25:26:645,815860,815838,22
2018:09:02:21:25:26:790,815880,815850,30
2018:09:02:21:25:26:908,815880,815850,30
2018:09:02:21:25:27:019,815899,815851,48
2018:09:02:21:25:27:169,815887,815850,37
2018:09:02:21:25:27:340,815887,815850,37
2018:09:02:21:25:27:495,815886,815863,23
2018:09:02:21:25:27:632,815886,815863,23
2018:09:02:21:25:27:771,815886,815861,25
2018:09:02:21:25:27:928,815886,815861,25
2018:09:02:21:25:28:257,815883,815866,17
2018:09:02:21:25:28:437,815883,815866,17
2018:09:02:21:25:28:766,815883,815866,17
2018:09:02:21:25:29:007,815880,815866,14
2018:09:02:21:25:29:121,815928,815885,43
2018:09:02:21:25:29:336,815928,815885,43
2018:09:02:21:25:29:489,815928,815885,43
2018:09:02:21:25:29:613,815928,815885,43
2018:09:02:21:25:29:803,816000,815886,114
2018:09:02:21:25:30:029,816000,815886,114
2018:09:02:21:25:30:163,815989,815978,11
2018:09:02:21:25:30:281,815989,815896,93
2018:09:02:21:25:30:387,815911,815901,10
2018:09:02:21:25:30:525,815911,815901,10
2018:09:02:21:25:30:660,815974,815924,50
2018:09:02:21:25:30:801,815977,815905,72
2018:09:02:21:25:30:924,815927,815924,3
2018:09:02:21:25:31:171,815974,815924,50
2018:09:02:21:25:31:335,815988,815927,61
2018:09:02:21:25:32:532,815986,815929,57
2018:09:02:21:25:32:681,816000,815976,24
2018:09:02:21:25:32:840,816000,815976,24
2018:09:02:21:25:32:986,816000,815982,18
2018:09:02:21:25:33:091,816000,815986,14
2018:09:02:21:25:33:267,816000,815986,14
2018:09:02:21:25:33:454,815997,815989,8
2018:09:02:21:25:33:600,816000,815989,11
2018:09:02:21:25:33:734,816000,815992,8
2018:09:02:21:25:33:896,815992,815989,3
2018:09:02:21:25:34:011,815998,815992,6
2018:09:02:21:25:34:140,815998,815992,6
2018:09:02:21:25:34:373,815999,815998,1
2018:09:02:21:25:34:822,816000,815998,2
2018:09:02:21:25:34:954,816000,815999,1
2018:09:02:21:25:35:064,816000,815999,1
2018:09:02:21:25:35:187,816000,815999,1
2018:09:02:21:25:35:519,816000,815999,1
2018:09:02:21:25:35:776,816000,815999,1
2018:09:02:21:25:35:974,815999,815986,13
2018:09:02:21:25:36:440,815999,815986,13
2018:09:02:21:25:36:621,815998,815989,9
2018:09:02:21:25:36:741,815994,815989,5
2018:09:02:21:25:36:847,815994,815980,14
2018:09:02:21:25:37:009,815994,815989,5
2018:09:02:21:25:37:183,815994,815980,14
2018:09:02:21:25:37:396,815994,815980,14
2018:09:02:21:25:37:525,815998,815994,4
2018:09:02:21:25:37:662,815998,815994,4
2018:09:02:21:25:37:795,815998,815994,4
2018:09:02:21:25:37:903,815990,815927,63
2018:09:02:21:25:38:041,815993,815927,66
2018:09:02:21:25:38:164,815990,815927,63
2018:09:02:21:25:38:356,815969,815935,34
2018:09:02:21:25:38:501,815969,815935,34
2018:09:02:21:25:38:683,815951,815910,41
2018:09:02:21:25:39:002,815951,815936,15
2018:09:02:21:25:39:294,815951,815936,15
2018:09:02:21:25:39:569,815998,815969,29
2018:09:02:21:25:39:708,815944,815940,4
2018:09:02:21:25:39:907,815944,815940,4
2018:09:02:21:25:40:124,815944,815940,4
2018:09:02:21:25:40:253,815940,815938,2
2018:09:02:21:25:40:382,815940,815938,2
2018:09:02:21:25:40:552,815940,815938,2
2018:09:02:21:25:40:743,815951,815943,8
2018:09:02:21:25:40:975,815951,815941,10
2018:09:02:21:25:41:093,815951,815941,10
2018:09:02:21:25:41:254,815939,815918,21
2018:09:02:21:25:41:749,815937,815896,41
2018:09:02:21:25:41:960,815889,815860,29
2018:09:02:21:25:42:104,815889,815860,29
2018:09:02:21:25:42:277,815889,815860,29
2018:09:02:21:25:42:553,815889,815860,29
2018:09:02:21:25:42:744,815889,815869,20
2018:09:02:21:25:43:115,815889,815869,20
2018:09:02:21:25:43:357,815888,815805,83
2018:09:02:21:25:43:690,815800,815795,5
2018:09:02:21:25:43:829,815800,815795,5
2018:09:02:21:25:44:071,815800,815795,5
2018:09:02:21:25:44:396,815798,815795,3
2018:09:02:21:25:44:541,815798,815795,3
2018:09:02:21:25:44:768,815798,815795,3
2018:09:02:21:25:44:893,815796,815795,1
2018:09:02:21:25:45:037,815796,815795,1
2018:09:02:21:25:45:183,815800,815796,4
2018:09:02:21:25:45:335,815797,815795,2
2018:09:02:21:25:45:569,815800,815795,5
2018:09:02:21:25:45:746,815800,815795,5
2018:09:02:21:25:45:978,815800,815795,5
2018:09:02:21:25:46:121,815799,815798,1
2018:09:02:21:25:46:229,815799,815797,2
2018:09:02:21:25:46:343,815799,815797,2
2018:09:02:21:25:46:488,815798,815797,1
2018:09:02:21:25:46:877,815799,815797,2
2018:09:02:21:25:47:044,815799,815797,2
2018:09:02:21:25:47:171,815834,815821,13
2018:09:02:21:25:47:461,815834,815821,13
2018:09:02:21:25:47:615,815861,815822,39
2018:09:02:21:25:47:811,815842,815822,20
2018:09:02:21:25:48:054,815842,815822,20
2018:09:02:21:25:48:190,815842,815801,41
2018:09:02:21:25:48:321,815842,815801,41
2018:09:02:21:25:48:491,815858,815796,62
2018:09:02:21:25:48:879,815835,815806,29
2018:09:02:21:25:49:026,815834,815825,9
2018:09:02:21:25:49:227,815834,815825,9
2018:09:02:21:25:49:337,815833,815806,27
2018:09:02:21:25:49:475,815833,815806,27
2018:09:02:21:25:49:616,815822,815806,16
2018:09:02:21:25:49:778,815822,815806,16
2018:09:02:21:25:49:924,815850,815834,16
2018:09:02:21:25:50:061,815850,815834,16
2018:09:02:21:25:50:337,815850,815834,16
2018:09:02:21:25:50:477,815847,815834,13
2018:09:02:21:25:50:589,815840,815834,6
2018:09:02:21:25:50:713,815840,815834,6
2018:09:02:21:25:50:938,815889,815838,51
2018:09:02:21:25:51:307,815846,815840,6
2018:09:02:21:25:51:436,815876,815840,36
2018:09:02:21:25:51:543,815838,815796,42
2018:09:02:21:25:51:645,815838,815796,42
2018:09:02:21:25:51:768,815838,815796,42
2018:09:02:21:25:51:885,815835,815797,38
2018:09:02:21:25:51:993,815835,815797,38
2018:09:02:21:25:52:114,815835,815797,38
2018:09:02:21:25:52:292,815835,815797,38
2018:09:02:21:25:52:404,815835,815797,38
2018:09:02:21:25:52:513,815835,815798,37
2018:09:02:21:25:52:619,815835,815798,37
2018:09:02:21:25:52:741,815835,815807,28
2018:09:02:21:25:53:142,815835,815807,28
2018:09:02:21:25:53:273,815834,815807,27
2018:09:02:21:25:53:399,815833,815807,26
2018:09:02:21:25:53:542,815833,815807,26
2018:09:02:21:25:53:749,815810,815807,3
2018:09:02:21:25:53:903,815810,815807,3
2018:09:02:21:25:54:009,815810,815807,3
2018:09:02:21:25:54:134,815810,815807,3
2018:09:02:21:25:54:246,815810,815771,39
2018:09:02:21:25:54:395,815810,815771,39
2018:09:02:21:25:54:658,815810,815641,169
2018:09:02:21:25:54:822,815810,815641,169
2018:09:02:21:25:55:038,815810,815641,169
2018:09:02:21:25:55:334,815771,815638,133
2018:09:02:21:25:55:556,815672,815642,30
2018:09:02:21:25:55:753,815672,815642,30
2018:09:02:21:25:55:906,815672,815642,30
2018:09:02:21:25:56:058,815702,815582,120
2018:09:02:21:25:56:263,815702,815582,120
2018:09:02:21:25:56:398,815702,815582,120
2018:09:02:21:25:56:724,815676,815604,72
2018:09:02:21:25:56:916,815522,815509,13
2018:09:02:21:25:57:124,815522,815509,13
2018:09:02:21:25:57:411,815522,815509,13
2018:09:02:21:25:57:539,815522,815509,13
2018:09:02:21:25:57:723,815522,815509,13
2018:09:02:21:25:57:878,815522,815509,13
2018:09:02:21:25:58:019,815521,815500,21
2018:09:02:21:25:58:142,815521,815500,21
2018:09:02:21:25:58:281,815521,815500,21
2018:09:02:21:25:58:584,815521,815510,11
2018:09:02:21:25:58:712,815521,815510,11
2018:09:02:21:25:58:853,815521,815510,11
2018:09:02:21:25:58:983,815521,815393,128
2018:09:02:21:25:59:146,815521,815393,128
2018:09:02:21:25:59:283,815521,815393,128
2018:09:02:21:25:59:427,815511,815510,1
2018:09:02:21:25:59:610,815511,815510,1
2018:09:02:21:25:59:798,815634,815409,225
2018:09:02:21:26:00:310,815508,815254,254
2018:09:02:21:26:00:484,815511,815423,88
2018:09:02:21:26:00:624,815477,815310,167
2018:09:02:21:26:00:834,815510,815386,124
2018:09:02:21:26:01:000,815507,815264,243
2018:09:02:21:26:01:158,815507,815264,243
2018:09:02:21:26:01:358,815351,815251,100
2018:09:02:21:26:01:544,815351,815134,217
2018:09:02:21:26:01:735,815340,815134,206
2018:09:02:21:26:01:878,815467,815122,345
2018:09:02:21:26:02:216,815456,815239,217
2018:09:02:21:26:02:477,815437,815265,172
2018:09:02:21:26:02:614,815437,815265,172
2018:09:02:21:26:02:890,815437,815265,172
2018:09:02:21:26:03:248,815341,815321,20
2018:09:02:21:26:03:434,815341,815321,20
2018:09:02:21:26:03:697,815341,815321,20
2018:09:02:21:26:03:855,815348,815321,27
2018:09:02:21:26:03:982,815397,815328,69
2018:09:02:21:26:04:095,815348,815331,17
2018:09:02:21:26:04:456,815348,815331,17
2018:09:02:21:26:04:635,815341,815336,5
2018:09:02:21:26:04:822,815339,815331,8
2018:09:02:21:26:04:947,815334,815331,3
2018:09:02:21:26:05:156,815334,815331,3
2018:09:02:21:26:05:306,815334,815331,3
2018:09:02:21:26:05:662,815334,815331,3
2018:09:02:21:26:05:817,815334,815331,3
2018:09:02:21:26:06:032,815419,815333,86
2018:09:02:21:26:06:160,815419,815333,86
2018:09:02:21:26:06:276,815438,815335,103
2018:09:02:21:26:06:473,815438,815342,96
2018:09:02:21:26:06:652,815446,815342,104
2018:09:02:21:26:06:883,815510,815341,169
2018:09:02:21:26:07:057,815409,815341,68
2018:09:02:21:26:07:185,815518,815439,79
2018:09:02:21:26:07:337,815518,815439,79
2018:09:02:21:26:07:791,815518,815439,79
2018:09:02:21:26:07:957,815468,815457,11
2018:09:02:21:26:08:069,815468,815457,11
2018:09:02:21:26:08:184,815447,815446,1
2018:09:02:21:26:08:297,815447,815446,1
2018:09:02:21:26:08:439,815447,815446,1
2018:09:02:21:26:08:580,815518,815517,1
2018:09:02:21:26:08:708,815621,815370,251
2018:09:02:21:26:08:838,815621,815370,251
2018:09:02:21:26:08:990,815429,815371,58
2018:09:02:21:26:09:116,815429,815371,58
2018:09:02:21:26:09:230,815640,815371,269
2018:09:02:21:26:09:360,815641,815466,175
2018:09:02:21:26:09:837,815423,815398,25
2018:09:02:21:26:10:005,815423,815398,25
2018:09:02:21:26:10:159,815509,815476,33
2018:09:02:21:26:10:297,815509,815476,33
2018:09:02:21:26:10:452,815520,815381,139
2018:09:02:21:26:10:644,815520,815381,139
2018:09:02:21:26:10:829,815520,815381,139
2018:09:02:21:26:10:975,815520,815409,111
2018:09:02:21:26:11:122,815485,815477,8
2018:09:02:21:26:11:274,815485,815477,8
2018:09:02:21:26:11:412,815491,815422,69
2018:09:02:21:26:11:611,815491,815422,69
2018:09:02:21:26:12:023,815491,815422,69
2018:09:02:21:26:12:169,815300,815255,45
2018:09:02:21:26:12:385,815290,815260,30
2018:09:02:21:26:12:606,815290,815260,30
2018:09:02:21:26:12:715,815290,815275,15
2018:09:02:21:26:12:881,815290,815275,15
2018:09:02:21:26:12:995,815290,815275,15
2018:09:02:21:26:13:138,815300,815224,76
2018:09:02:21:26:13:327,815283,815267,16
2018:09:02:21:26:13:545,815285,815227,58
2018:09:02:21:26:13:740,815287,815210,77
2018:09:02:21:26:14:235,815287,815210,77
2018:09:02:21:26:14:354,815264,815245,19
2018:09:02:21:26:14:473,815264,815245,19
2018:09:02:21:26:14:624,815264,815245,19
2018:09:02:21:26:14:762,815264,815245,19
2018:09:02:21:26:14:946,815264,815245,19
2018:09:02:21:26:15:170,815251,815164,87
2018:09:02:21:26:15:340,815248,815211,37
2018:09:02:21:26:15:626,815229,815211,18
2018:09:02:21:26:15:779,815240,815211,29
2018:09:02:21:26:15:896,815240,815211,29
2018:09:02:21:26:15:994,815216,815212,4
2018:09:02:21:26:16:144,815216,815211,5
2018:09:02:21:26:16:456,815213,815211,2
2018:09:02:21:26:16:689,815213,815211,2
2018:09:02:21:26:16:834,815213,815187,26
2018:09:02:21:26:16:953,815213,815187,26
2018:09:02:21:26:17:086,815218,815187,31
2018:09:02:21:26:17:287,815218,815187,31
2018:09:02:21:26:17:605,815218,815212,6
2018:09:02:21:26:17:764,815218,815212,6
2018:09:02:21:26:17:875,815213,815212,1
2018:09:02:21:26:17:987,815218,815213,5
2018:09:02:21:26:18:130,815218,815213,5
2018:09:02:21:26:18:248,815218,815213,5
2018:09:02:21:26:18:395,815218,815213,5
2018:09:02:21:26:18:866,815217,815214,3
2018:09:02:21:26:19:014,815217,815214,3
2018:09:02:21:26:19:359,815211,815131,80
